[gd_resource type="Skin" format=3 uid="uid://dvw3y8ykkhbwe"]

[resource]
resource_name = "Skin"
bind_count = 25
bind/0/name = &"Hips"
bind/0/bone = -1
bind/0/pose = Transform3D(1, 0, 0, 0, 0.968339, 0.24964, 0, -0.24964, 0.968339, 0, -1.59187, 0.504506)
bind/1/name = &"spine.001"
bind/1/bone = -1
bind/1/pose = Transform3D(1, 0, 0, 0, 0.992412, 0.122954, 0, -0.122954, 0.992412, 0, -1.89279, 0.26312)
bind/2/name = &"spine.002"
bind/2/bone = -1
bind/2/pose = Transform3D(1, 0, 0, 0, 0.999494, -0.0318127, 0, 0.0318127, 0.999494, 0, -2.1336, -0.0672492)
bind/3/name = &"Chest"
bind/3/bone = -1
bind/3/pose = Transform3D(1, 0, 0, 0, 0.999592, -0.0285598, 0, 0.0285597, 0.999592, 0, -2.41926, -0.0593763)
bind/4/name = &"spine.004"
bind/4/bone = -1
bind/4/pose = Transform3D(1, 0, 0, 0, 0.929515, 0.368783, 0, -0.368784, 0.929515, 0, -2.53788, 1.02715)
bind/5/name = &"spine.005"
bind/5/bone = -1
bind/5/pose = Transform3D(1, 0, 0, 0, 0.982436, 0.186599, 0, -0.186599, 0.982436, 0, -2.79347, 0.508731)
bind/6/name = &"Head"
bind/6/bone = -1
bind/6/pose = Transform3D(1, 0, 0, 0, 1, -7.45058e-08, 0, 0, 1, 0, -2.94104, -0.0407813)
bind/7/name = &"shoulder.L"
bind/7/bone = -1
bind/7/pose = Transform3D(0.463329, -0.000222889, 0.886186, 0.886168, 0.00652795, -0.463318, -0.00568171, 0.999979, 0.00322208, -0.113488, 0.00824879, -2.65026)
bind/8/name = &"upper_arm.L"
bind/8/bone = -1
bind/8/pose = Transform3D(-0.77643, -0.625085, 0.0801558, 0.624005, -0.780345, -0.0409929, 0.0881734, 0.0181893, 0.995939, 1.93192, 1.85355, -0.12275)
bind/9/name = &"forearm.L"
bind/9/bone = -1
bind/9/pose = Transform3D(-0.760027, -0.648835, -0.0370503, 0.646914, -0.760766, 0.0523252, -0.0621368, 0.0158001, 0.997943, 1.97929, 1.34524, -0.0221874)
bind/10/name = &"hand.L"
bind/10/bone = -1
bind/10/pose = Transform3D(-0.750703, -0.659893, 0.0314228, 0.65942, -0.751358, -0.0250545, 0.0401431, 0.00191223, 0.999192, 1.98831, 0.825879, -0.0927537)
bind/11/name = &"shoulder.R"
bind/11/bone = -1
bind/11/pose = Transform3D(0.463315, 0.000222898, -0.886194, -0.886175, 0.00652779, -0.463304, 0.00568159, 0.999979, 0.00322181, 0.113489, 0.00824744, -2.65026)
bind/12/name = &"upper_arm.R"
bind/12/bone = -1
bind/12/pose = Transform3D(-0.77643, 0.625085, -0.0801566, -0.624005, -0.780345, -0.0409931, -0.0881738, 0.0181896, 0.995939, -1.93192, 1.85355, -0.122752)
bind/13/name = &"forearm.R"
bind/13/bone = -1
bind/13/pose = Transform3D(-0.760027, 0.648835, 0.0370506, -0.646914, -0.760766, 0.0523251, 0.0621372, 0.0157998, 0.997943, -1.9793, 1.34524, -0.0221856)
bind/14/name = &"hand.R"
bind/14/bone = -1
bind/14/pose = Transform3D(-0.750703, 0.659893, -0.0314223, -0.65942, -0.751358, -0.0250546, -0.0401426, 0.00191178, 0.999192, -1.98831, 0.825871, -0.0927528)
bind/15/name = &"pelvis.L"
bind/15/bone = -1
bind/15/pose = Transform3D(-0.421772, -0.276838, 0.863406, 0.536322, 0.691624, 0.483751, -0.731073, 0.667096, -0.143234, 0.540292, -1.10913, -1.12538)
bind/16/name = &"pelvis.R"
bind/16/bone = -1
bind/16/pose = Transform3D(-0.421772, 0.276838, -0.863406, -0.536322, 0.691624, 0.483751, 0.731073, 0.667096, -0.143234, -0.540292, -1.10913, -1.12538)
bind/17/name = &"Left_Thigh"
bind/17/bone = -1
bind/17/pose = Transform3D(0.994313, 0.106167, -0.00832887, 0.10626, -0.99427, 0.011659, -0.00704443, -0.0124782, -0.999896, -0.349274, 1.74958, 0.0605297)
bind/18/name = &"shin.L"
bind/18/bone = -1
bind/18/pose = Transform3D(0.998564, 0.0532785, 0.00556155, 0.0535632, -0.994479, -0.0902378, 0.000722024, 0.0904058, -0.995903, -0.302127, 0.909779, -0.036706)
bind/19/name = &"foot.L"
bind/19/bone = -1
bind/19/pose = Transform3D(0.999087, 0.00997871, -0.0415325, 0.0423752, -0.35404, 0.934268, -0.00538157, -0.935177, -0.35414, -0.297846, 0.0565665, 0.113889)
bind/20/name = &"toe.L"
bind/20/bone = -1
bind/20/pose = Transform3D(-0.990792, 0.110815, 0.077784, 0.0591356, -0.162619, 0.984914, 0.121793, 0.980447, 0.154569, 0.282528, -0.187167, -0.115774)
bind/21/name = &"Right_Thigh"
bind/21/bone = -1
bind/21/pose = Transform3D(0.994313, -0.106167, 0.00832885, -0.10626, -0.99427, 0.0116591, 0.00704429, -0.0124782, -0.999896, 0.349284, 1.74957, 0.0605298)
bind/22/name = &"shin.R"
bind/22/bone = -1
bind/22/pose = Transform3D(0.998564, -0.0532785, -0.00556147, -0.0535632, -0.994479, -0.0902378, -0.000722057, 0.0904058, -0.995904, 0.302138, 0.909778, -0.0367061)
bind/23/name = &"foot.R"
bind/23/bone = -1
bind/23/pose = Transform3D(0.999087, -0.00997863, 0.0415325, -0.0423751, -0.35404, 0.934269, 0.00538159, -0.935177, -0.35414, 0.297857, 0.0565661, 0.113889)
bind/24/name = &"toe.R"
bind/24/bone = -1
bind/24/pose = Transform3D(-0.990792, -0.110816, -0.0777841, -0.0591355, -0.162619, 0.984914, -0.121793, 0.980446, 0.154569, -0.282538, -0.187168, -0.115775)
