[gd_scene load_steps=11 format=3 uid="uid://c62whoib4he8f"]

[ext_resource type="PackedScene" uid="uid://dklaxvd7swq26" path="res://Characters/Character.tscn" id="1_rubn6"]
[ext_resource type="Script" path="res://Characters/Bakery/baker.gd" id="2_tddji"]
[ext_resource type="Script" path="res://Characters/Resources/character_data.gd" id="3_xjbgb"]
[ext_resource type="Script" path="res://Characters/Bakery/frosting_gun.gd" id="4_lmnxi"]

[sub_resource type="Resource" id="Resource_cmdfg"]
resource_local_to_scene = true
script = ExtResource("3_xjbgb")
Team = "Bakery"
max_health = 125
single_fire = false
base_damage = 15
special_damage = 0
projectile_damage = 5
projectile_speed = 0.0
max_ammo = 10
move_speed = 5.0
acceleration = 0.09
gravity = 30.0
dodge_force = 20.0
punch_force = 12.0

[sub_resource type="StandardMaterial3D" id="StandardMaterial3D_tv1py"]
albedo_color = Color(0.619608, 0.619608, 0.619608, 1)

[sub_resource type="CapsuleMesh" id="CapsuleMesh_7uwxc"]
material = SubResource("StandardMaterial3D_tv1py")
radius = 0.201
height = 0.654

[sub_resource type="AnimationNodeStateMachinePlayback" id="AnimationNodeStateMachinePlayback_qsloq"]

[sub_resource type="ParticleProcessMaterial" id="ParticleProcessMaterial_lckb1"]
emission_shape = 3
emission_box_extents = Vector3(0.1, 0.1, 0.1)
direction = Vector3(0, 0, -1)
spread = 0.99
gravity = Vector3(0, -1.446, 0)
initial_velocity_min = 21.15
initial_velocity_max = 21.15
color = Color(0, 0.541176, 0.87451, 1)
hue_variation_max = 0.68
attractor_interaction_enabled = false
collision_mode = 1
collision_friction = 0.86
collision_bounce = 0.27
collision_use_scale = true

[sub_resource type="SphereMesh" id="SphereMesh_irlaw"]

[node name="Baker" instance=ExtResource("1_rubn6")]
script = ExtResource("2_tddji")
character_stats = SubResource("Resource_cmdfg")

[node name="Human_Template_Male" parent="." index="1"]
transform = Transform3D(-1, 0, -8.74228e-08, 0, 1, 0, 8.74228e-08, 0, -1, 0, 0, 0)

[node name="Skeleton3D" parent="Human_Template_Male/metarig" index="0"]
bones/6/rotation = Quaternion(-0.0936603, -1.63473e-05, -4.40429e-05, 0.995604)
bones/8/position = Vector3(0.0183, 0.137257, 0.078252)
bones/31/position = Vector3(-0.0183, 0.137257, 0.078252)

[node name="RightHookBone" parent="Human_Template_Male/metarig/Skeleton3D" index="1"]
transform = Transform3D(-0.996636, 0.0819602, -5.96941e-05, -0.0809554, -0.984304, 0.156818, 0.0127941, 0.156295, 0.987628, -0.288997, 1.0897, 0.0555382)

[node name="LeftHookBone" parent="Human_Template_Male/metarig/Skeleton3D" index="2"]
transform = Transform3D(-0.996636, -0.0819603, 5.95488e-05, 0.0809555, -0.984304, 0.156818, -0.0127942, 0.156295, 0.987628, 0.288997, 1.0897, 0.0555382)

[node name="Physical Bone spine" parent="Human_Template_Male/metarig/Skeleton3D" index="3"]
transform = Transform3D(0.991803, 5.43276e-08, -3.57627e-07, 4.13355e-08, 0.999999, 2.68221e-07, -2.09331e-07, 2.68221e-07, 1, -5.3151e-08, 1.37348, 0.0166591)
joint_offset = Transform3D(1, 0, 0, 0, 1, 0, 0, 0, 1, 4.75949e-08, -0.363582, -0.0718589)
body_offset = Transform3D(0.991803, 5.43276e-08, -3.57627e-07, -1.22306e-08, 0.968338, 0.24964, -2.13023e-07, -0.249639, 0.96834, -5.3151e-08, 0.370009, -0.0211804)

[node name="Physical Bone spine005" parent="Human_Template_Male/metarig/Skeleton3D" index="4"]
transform = Transform3D(0.258821, -0.974134, 8.9407e-08, 0.96593, 0.25882, -5.66244e-07, 7.37883e-07, 4.5128e-07, 1, -2.93207e-09, 1.8518, 0.0674139)
joint_offset = Transform3D(1, 0, 0, 0, 1, 0, 0, 0, 1, -0.127666, -0.03392, -0.0544138)
body_offset = Transform3D(0.258821, -0.974134, 8.9407e-08, 0.948965, 0.254274, 0.186599, -0.180241, -0.0482951, 0.982438, -2.93207e-09, 0.139929, 0.0288094)

[node name="Physical Bone shoulderL" parent="Human_Template_Male/metarig/Skeleton3D" index="5"]
transform = Transform3D(0.989306, -0.145402, 1.72921e-06, 0.145598, 0.990154, -1.95822e-06, -6.28659e-05, 1.87034e-05, 0.999888, 0.223131, 1.51594, -0.000603418)
joint_offset = Transform3D(1, 0, 0, 0, 1, 0, 0, 0, 1, -0.189698, 0.118029, 0.068997)
body_offset = Transform3D(0.501607, -0.0737894, 0.861795, 0.852622, -0.125895, -0.507037, 0.146121, 0.990077, -0.000227778, 0.044402, 0.211584, -0.0891228)

[node name="Physical Bone forearmL" parent="Human_Template_Male/metarig/Skeleton3D" index="6"]
transform = Transform3D(0.999576, -1.61302e-06, 8.69472e-06, 1.68066e-05, -0.196525, 0.980345, -1.2947e-06, -0.980412, -0.196514, 0.265992, 1.23727, 0.025174)
joint_offset = Transform3D(1, 0, 0, 0, 1, 0, 0, 0, 1, 0.00751421, 0.00265044, 0.132418)
body_offset = Transform3D(-0.996556, 0.0546241, -0.0552382, 0.0546164, -0.0120904, -0.998278, -0.0551838, -0.998348, 0.00906527, 0.0146581, 0.131812, 0.00186032)

[node name="Physical Bone handL" parent="Human_Template_Male/metarig/Skeleton3D" index="7"]
transform = Transform3D(1.00001, -0.000210044, 6.02952e-07, -1.12231e-05, 0.167402, -0.985879, 3.42496e-06, 0.985887, 0.167405, 0.262923, 0.984595, 0.0645963)
joint_offset = Transform3D(1, 0, 0, 0, 1, 0, 0, 0, 1, 0.0260758, 0.00867289, -0.105185)
body_offset = Transform3D(-0.996646, 0.00114782, -0.0819547, -0.0819494, -0.0106682, 0.996569, 6.1178e-05, 0.999941, 0.0107309, 0.0173579, 0.107054, -0.00754523)

[node name="Physical Bone shoulderR" parent="Human_Template_Male/metarig/Skeleton3D" index="8"]
transform = Transform3D(0.999566, -1.05938e-08, -8.81798e-08, 7.99278e-06, 1, 2.00173e-06, 3.3045e-06, -3.20579e-08, 1, -0.204835, 1.60171, 0.00568312)
joint_offset = Transform3D(1, 0, 0, 0, 1, 0, 0, 0, 1, 0.186616, 0.00347355, 0.0627163)
body_offset = Transform3D(0.506872, 7.36225e-05, -0.861891, -0.861518, -0.000570567, -0.507095, -0.000520904, 1, -0.000223871, -0.0405359, 0.192578, -0.0033623)

[node name="Physical Bone upper_armR" parent="Human_Template_Male/metarig/Skeleton3D" index="9"]
transform = Transform3D(-0.973782, -0.0769081, 0.214081, 0.217369, -0.0371926, 0.975366, -0.0670602, 0.996342, 0.0529388, -0.245955, 1.48945, 0.00332782)
joint_offset = Transform3D(1, 0, 0, 0, 1, 0, 0, 0, 1, 0.000568358, -5.18065e-05, 0.129737)
body_offset = Transform3D(0.999999, -1.15335e-05, 8.51625e-06, 1.21833e-05, -3.65786e-05, -0.999986, 3.8147e-06, 0.999998, -3.2071e-05, -0.000569463, 0.129735, 5.5965e-05)

[node name="Physical Bone forearmR" parent="Human_Template_Male/metarig/Skeleton3D" index="10"]
transform = Transform3D(-0.996979, 0.0552031, 0.0546461, 0.0648797, 0.204985, 0.976603, 0.0427078, 0.977203, -0.207948, -0.279964, 1.22417, 0.0261209)
joint_offset = Transform3D(1, 0, 0, 0, 1, 0, 0, 0, 1, 0.001536, 0.000653779, 0.145575)
body_offset = Transform3D(1, -1.83284e-06, 1.77007e-05, 1.78544e-05, 0.000143334, -0.999991, -9.46224e-07, 0.999996, 0.000142276, -0.00153857, 0.145573, -0.000674486)

[node name="Physical Bone handR" parent="Human_Template_Male/metarig/Skeleton3D" index="11"]
transform = Transform3D(0.980345, 0.1967, -0.0154997, 0.107864, -0.468467, 0.87685, 0.165216, -0.861302, -0.480479, -0.288494, 1.06546, 0.0671544)
joint_offset = Transform3D(1, 0, 0, 0, 1, 0, 0, 0, 1, 0.000207082, -0.00147241, 0.026887)
body_offset = Transform3D(-0.983665, -0.169133, -0.0616854, 9.53674e-07, 0.342619, -0.939453, 0.180028, -0.924121, -0.337028, 0.0016132, 0.0257635, 0.0076637)

[node name="Physical Bone thighL" parent="Human_Template_Male/metarig/Skeleton3D" index="12"]
transform = Transform3D(0.99505, 0.000740111, -0.0993275, 0.0992964, 0.0039571, 0.995033, 0.00113095, -0.996024, 0.00386307, 0.122449, 0.827298, 0.0158376)
joint_offset = Transform3D(1, 0, 0, 0, 1, 0, 0, 0, 1, 0.000143786, 2.13329e-05, 0.247585)
body_offset = Transform3D(0.999993, 2.85776e-06, -2.84211e-05, -1.02467e-07, -1.36346e-05, -0.999986, 6.07688e-08, 0.996032, 2.61771e-06, -0.000136748, 0.247581, -2.18963e-05)

[node name="Physical Bone shinL" parent="Human_Template_Male/metarig/Skeleton3D" index="13"]
transform = Transform3D(0.997615, 0.000161363, -0.0692227, 0.069143, 0.0389579, 0.997117, 0.00285275, -1.00051, 0.038835, 0.164117, 0.335493, 0.00517837)
joint_offset = Transform3D(1, 0, 0, 0, 1, 0, 0, 0, 1, -1.25313e-05, 2.21042e-06, 0.249677)
body_offset = Transform3D(1.00001, -2.18861e-08, -2.32913e-06, 7.95997e-07, 1.29938e-05, -1.00027, 4.53321e-07, 1.00127, -7.43195e-06, 1.3113e-05, 0.249745, -3.57628e-07)

[node name="Physical Bone footL" parent="Human_Template_Male/metarig/Skeleton3D" index="14"]
transform = Transform3D(1, 1.6363e-07, -1.74166e-06, -1.47856e-07, -0.889708, 0.456529, -5.06641e-07, -0.456532, -0.889709, 0.18138, 0.0580911, 0.0509263)
joint_offset = Transform3D(1, 0, 0, 0, 1, 0, 0, 0, 1, -4.99184e-07, -9.12208e-05, 0.0623577)
body_offset = Transform3D(1, 3.09824e-08, -1.55329e-06, -1.86701e-07, -3.8743e-07, -1, 4.95786e-07, 1, 2.32458e-06, 5.96046e-07, 0.0623577, 9.10759e-05)

[node name="Physical Bone thighR" parent="Human_Template_Male/metarig/Skeleton3D" index="15"]
transform = Transform3D(0.995057, -0.000727805, 0.0993039, -0.0992972, 0.0039587, 0.995044, -0.00112333, -0.996024, 0.0038664, -0.123141, 0.827042, 0.0157949)
joint_offset = Transform3D(1, 0, 0, 0, 1, 0, 0, 0, 1, 0.00052533, -2.01641e-05, 0.247906)
body_offset = Transform3D(1, 9.22894e-06, 3.88939e-06, 2.00321e-07, -1.64481e-05, -0.999994, -7.69005e-06, 0.996032, -6.48201e-07, -0.000526294, 0.247905, 2.02488e-05)

[node name="Physical Bone shinR" parent="Human_Template_Male/metarig/Skeleton3D" index="16"]
transform = Transform3D(0.997626, -0.000120846, 0.0692323, -0.0691436, 0.0398355, 0.997236, -0.00285341, -1.02244, 0.0388381, -0.164102, 0.335539, 0.00518041)
joint_offset = Transform3D(1, 0, 0, 0, 1, 0, 0, 0, 1, -4.61187e-08, 2.0429e-06, 0.249601)
body_offset = Transform3D(1.00002, 4.23163e-05, 3.76643e-06, -8.97686e-07, -1.35973e-05, -1.00039, 1.83471e-07, 1.02321, -5.90831e-06, -8.9407e-07, 0.249698, -6.15604e-07)

[node name="Physical Bone footR" parent="Human_Template_Male/metarig/Skeleton3D" index="17"]
transform = Transform3D(1, -7.68448e-07, 1.20192e-07, 1.20025e-06, -0.889708, 0.456531, -8.94089e-08, -0.456532, -0.889708, -0.18138, 0.0581511, 0.0510091)
joint_offset = Transform3D(1, 0, 0, 0, 1, 0, 0, 0, 1, 9.87732e-07, 1.24813e-07, 0.062404)
joint_rotation = Vector3(0, 0, 0)
body_offset = Transform3D(1, -6.358e-07, -6.81824e-08, -8.24057e-07, -6.55651e-07, -1, -1.15999e-06, 1, 1.49012e-07, -9.83477e-07, 0.062404, -1.3411e-07)

[node name="AnimationPlayer" parent="Human_Template_Male" index="1"]
playback_default_blend_time = 0.0

[node name="MeshInstance3D" parent="Human_Template_Male" index="3"]
mesh = SubResource("CapsuleMesh_7uwxc")

[node name="AnimationTree" parent="." index="2"]
parameters/Movement/playback = SubResource("AnimationNodeStateMachinePlayback_qsloq")

[node name="ProjectileTimer" parent="Timers" index="1"]
wait_time = 10.0

[node name="FrostingGun" type="Node3D" parent="." index="5"]
script = ExtResource("4_lmnxi")

[node name="Frosting" type="GPUParticles3D" parent="FrostingGun" index="0"]
transform = Transform3D(1, 0, 0, 0, 1, 0, 0, 0, 1, -0.450174, 1.13343, 0)
emitting = false
amount = 100
lifetime = 16.71
one_shot = true
explosiveness = 0.55
process_material = SubResource("ParticleProcessMaterial_lckb1")
draw_pass_1 = SubResource("SphereMesh_irlaw")

[node name="FrostingTimer" type="Timer" parent="FrostingGun" index="1"]
wait_time = 3.0
one_shot = true

[node name="FrostingHitDetect" type="RayCast3D" parent="FrostingGun" index="2"]
transform = Transform3D(1, 0, 0, 0, 1, 0, 0, 0, 1, 0, 1.33603, 0)
enabled = false
target_position = Vector3(0, 0, -1)
collision_mask = 2
debug_shape_custom_color = Color(0.137255, 0.117647, 1, 1)

[node name="HitDelayTimer" type="Timer" parent="FrostingGun" index="3"]
wait_time = 0.5

[connection signal="timeout" from="FrostingGun/FrostingTimer" to="FrostingGun" method="cease_fire"]

[editable path="Human_Template_Male"]
