[gd_scene load_steps=9 format=3 uid="uid://c62whoib4he8f"]

[ext_resource type="PackedScene" uid="uid://dklaxvd7swq26" path="res://Characters/Character.tscn" id="1_rubn6"]
[ext_resource type="Script" path="res://Characters/Bakery/baker.gd" id="2_tddji"]
[ext_resource type="Script" path="res://Characters/Resources/character_data.gd" id="3_xjbgb"]
[ext_resource type="Script" path="res://Characters/Bakery/frosting_gun.gd" id="4_lmnxi"]

[sub_resource type="Resource" id="Resource_cmdfg"]
resource_local_to_scene = true
script = ExtResource("3_xjbgb")
Team = "BAKERY"
max_health = 100
single_fire = false
base_damage = 10
special_damage = 0
projectile_speed = 0.0
projectile_damage = 5
max_ammo = 10
move_speed = 7.0
acceleration = 0.1
gravity = 30.0

[sub_resource type="AnimationNodeStateMachinePlayback" id="AnimationNodeStateMachinePlayback_qsloq"]

[sub_resource type="ParticleProcessMaterial" id="ParticleProcessMaterial_lckb1"]
emission_shape = 3
emission_box_extents = Vector3(0.1, 0.1, 0.1)
direction = Vector3(0, 0, -1)
spread = 0.99
gravity = Vector3(0, -1.446, 0)
initial_velocity_min = 11.22
initial_velocity_max = 11.22
linear_accel_min = 1.1
linear_accel_max = 4.9
color = Color(0, 0.541176, 0.87451, 1)
hue_variation_max = 0.68
attractor_interaction_enabled = false
collision_mode = 1
collision_friction = 0.86
collision_bounce = 0.27
collision_use_scale = true

[sub_resource type="SphereMesh" id="SphereMesh_irlaw"]

[node name="Baker" instance=ExtResource("1_rubn6")]
script = ExtResource("2_tddji")
character_stats = SubResource("Resource_cmdfg")

[node name="Human_Template_Male" parent="." index="1"]
transform = Transform3D(-1, 0, -8.74228e-08, 0, 1, 0, 8.74228e-08, 0, -1, 0, 0, 0)

[node name="Skeleton3D" parent="Human_Template_Male/metarig" index="0"]
bones/6/rotation = Quaternion(-0.0924161, -0.000410401, -0.00110569, 0.99572)
bones/8/position = Vector3(0.0183, 0.137739, 0.0782657)
bones/31/position = Vector3(-0.0183, 0.137739, 0.0782657)

[node name="RightHookBone" parent="Human_Template_Male/metarig/Skeleton3D" index="1"]
transform = Transform3D(-0.996636, 0.0819602, -5.96941e-05, -0.0809554, -0.984304, 0.156818, 0.0127941, 0.156295, 0.987628, -0.288997, 1.09018, 0.0555382)

[node name="LeftHookBone" parent="Human_Template_Male/metarig/Skeleton3D" index="2"]
transform = Transform3D(-0.996636, -0.0819603, 5.95488e-05, 0.0809555, -0.984304, 0.156818, -0.0127942, 0.156295, 0.987628, 0.288997, 1.09018, 0.0555382)

[node name="Physical Bone spine" parent="Human_Template_Male/metarig/Skeleton3D" index="3"]
transform = Transform3D(0.99517, 5.4729e-08, -3.57627e-07, 4.13008e-08, 0.999999, 2.68221e-07, -2.09038e-07, 2.68221e-07, 1, -5.34942e-08, 1.37348, 0.0166591)
joint_offset = Transform3D(1, 0, 0, 0, 1, 0, 0, 0, 1, 4.79254e-08, -0.363582, -0.0718589)
body_offset = Transform3D(0.99517, 5.4729e-08, -3.57627e-07, -1.2191e-08, 0.968338, 0.24964, -2.1273e-07, -0.249639, 0.96834, -5.34942e-08, 0.370009, -0.0211804)

[node name="Physical Bone spine005" parent="Human_Template_Male/metarig/Skeleton3D" index="4"]
transform = Transform3D(0.258821, -0.970767, 8.9407e-08, 0.96593, 0.25882, -5.66244e-07, 7.37883e-07, 4.51575e-07, 1, -2.93569e-09, 1.8518, 0.0674139)
joint_offset = Transform3D(1, 0, 0, 0, 1, 0, 0, 0, 1, -0.127636, -0.0340297, -0.0544138)
body_offset = Transform3D(0.258821, -0.970767, 8.9407e-08, 0.948965, 0.254274, 0.186599, -0.180241, -0.0482951, 0.982438, -2.93569e-09, 0.139929, 0.0288094)

[node name="Physical Bone shoulderL" parent="Human_Template_Male/metarig/Skeleton3D" index="5"]
transform = Transform3D(0.989307, -0.145412, 1.72965e-06, 0.145598, 0.990154, -1.1368e-06, -6.27169e-05, 1.67961e-05, 0.999888, 0.223428, 1.50981, -0.000231083)
joint_offset = Transform3D(1, 0, 0, 0, 1, 0, 0, 0, 1, -0.189018, 0.124694, 0.0686248)
body_offset = Transform3D(0.501607, -0.0737961, 0.861795, 0.852622, -0.125903, -0.507037, 0.146121, 0.990077, -0.000226957, 0.044874, 0.211655, -0.0958213)

[node name="Physical Bone forearmL" parent="Human_Template_Male/metarig/Skeleton3D" index="6"]
transform = Transform3D(0.999753, -1.10638e-06, 6.8358e-06, 9.31602e-06, -0.196528, 0.980377, -2.27816e-06, -0.980424, -0.196521, 0.265992, 1.23771, 0.0251998)
joint_offset = Transform3D(1, 0, 0, 0, 1, 0, 0, 0, 1, 0.00751315, 0.00264871, 0.132554)
body_offset = Transform3D(-0.996732, 0.0546243, -0.0552382, 0.0546332, -0.0120902, -0.998311, -0.0551961, -0.998361, 0.00906527, 0.0146659, 0.131951, 0.00185743)

[node name="Physical Bone handL" parent="Human_Template_Male/metarig/Skeleton3D" index="7"]
transform = Transform3D(1.00001, -0.000128563, 6.02957e-07, -9.73807e-06, 0.167403, -0.985879, 3.39766e-06, 0.985886, 0.167406, 0.262923, 0.983124, 0.0655246)
joint_offset = Transform3D(1, 0, 0, 0, 1, 0, 0, 0, 1, 0.026075, 0.00809947, -0.107354)
body_offset = Transform3D(-0.996645, 0.00106665, -0.0819547, -0.0819508, -0.0106754, 0.996569, 6.13833e-05, 0.99994, 0.010731, 0.0171808, 0.109209, -0.00694858)

[node name="Physical Bone shoulderR" parent="Human_Template_Male/metarig/Skeleton3D" index="8"]
transform = Transform3D(0.999566, -1.16415e-08, -8.77452e-08, 4.70807e-06, 1, 1.18031e-06, 3.30525e-06, -3.10974e-08, 1, -0.204597, 1.5992, 0.00588545)
joint_offset = Transform3D(1, 0, 0, 0, 1, 0, 0, 0, 1, 0.186378, 0.00655417, 0.0625139)
body_offset = Transform3D(0.506872, 7.36212e-05, -0.861891, -0.861518, -0.000570567, -0.507095, -0.000524189, 1, -0.000224692, -0.0405901, 0.192272, -0.00644243)

[node name="Physical Bone upper_armR" parent="Human_Template_Male/metarig/Skeleton3D" index="9"]
transform = Transform3D(-0.973782, -0.0769092, 0.214081, 0.217369, -0.0371925, 0.975368, -0.0670602, 0.996342, 0.0529389, -0.245454, 1.48976, 0.00332751)
joint_offset = Transform3D(1, 0, 0, 0, 1, 0, 0, 0, 1, 0.00111291, -2.26686e-05, 0.129885)
body_offset = Transform3D(0.999999, -1.04383e-05, 8.95956e-06, 1.21682e-05, -3.63924e-05, -0.999988, 3.82215e-06, 0.999998, -3.20971e-05, -0.00111407, 0.129883, 2.68333e-05)

[node name="Physical Bone forearmR" parent="Human_Template_Male/metarig/Skeleton3D" index="10"]
transform = Transform3D(-0.996979, 0.0552055, 0.0546459, 0.0648807, 0.204985, 0.976603, 0.0427076, 0.977204, -0.207948, -0.279964, 1.22474, 0.0261236)
joint_offset = Transform3D(1, 0, 0, 0, 1, 0, 0, 0, 1, 0.00153553, 0.000650064, 0.14557)
body_offset = Transform3D(1, -4.2133e-06, 1.78777e-05, 1.69082e-05, 0.000143558, -0.999991, -9.20147e-07, 0.999997, 0.000141993, -0.00153813, 0.145569, -0.000670731)

[node name="Physical Bone handR" parent="Human_Template_Male/metarig/Skeleton3D" index="11"]
transform = Transform3D(0.980346, 0.1967, -0.0154997, 0.107864, -0.468467, 0.876854, 0.165216, -0.861302, -0.48048, -0.288494, 1.06603, 0.0671546)
joint_offset = Transform3D(1, 0, 0, 0, 1, 0, 0, 0, 1, 0.000207049, -0.00147224, 0.0268869)
body_offset = Transform3D(-0.983666, -0.169133, -0.0616857, 9.49949e-07, 0.342619, -0.939457, 0.180028, -0.924121, -0.337028, 0.0016132, 0.0257635, 0.00766385)

[node name="Physical Bone thighL" parent="Human_Template_Male/metarig/Skeleton3D" index="12"]
transform = Transform3D(0.995051, 0.000740111, -0.0993113, 0.0992965, 0.0039571, 0.995033, 0.00113099, -0.996024, 0.0038646, 0.122449, 0.827298, 0.0158376)
joint_offset = Transform3D(1, 0, 0, 0, 1, 0, 0, 0, 1, 0.000139788, 2.16981e-05, 0.247585)
body_offset = Transform3D(0.999994, 2.85765e-06, -1.2274e-05, -8.77199e-08, -1.36346e-05, -0.999984, 2.24682e-08, 0.996032, 1.10315e-06, -0.000136748, 0.247581, -2.18851e-05)

[node name="Physical Bone shinL" parent="Human_Template_Male/metarig/Skeleton3D" index="13"]
transform = Transform3D(0.997615, 0.000161446, -0.0692226, 0.069143, 0.038952, 0.997117, 0.00285275, -1.00035, 0.0388349, 0.164118, 0.335494, 0.00517855)
joint_offset = Transform3D(1, 0, 0, 0, 1, 0, 0, 0, 1, -1.38221e-05, 2.38102e-06, 0.249677)
body_offset = Transform3D(1.00001, 1.07102e-07, -2.29197e-06, 8.18429e-07, 1.2707e-05, -1.00027, 4.54718e-07, 1.00111, -7.39843e-06, 1.43945e-05, 0.249745, -5.36442e-07)

[node name="Physical Bone footL" parent="Human_Template_Male/metarig/Skeleton3D" index="14"]
transform = Transform3D(1, 1.63637e-07, -1.74136e-06, -1.47856e-07, -0.889708, 0.456529, -5.06641e-07, -0.456532, -0.889709, 0.18138, 0.0580916, 0.0509258)
joint_offset = Transform3D(1, 0, 0, 0, 1, 0, 0, 0, 1, -4.99204e-07, -9.09693e-05, 0.062357)
body_offset = Transform3D(1, 3.09889e-08, -1.55299e-06, -1.86701e-07, -3.8743e-07, -1, 4.95786e-07, 1, 2.35438e-06, 5.96046e-07, 0.0623571, 9.08226e-05)

[node name="Physical Bone thighR" parent="Human_Template_Male/metarig/Skeleton3D" index="15"]
transform = Transform3D(0.995057, -0.000734401, 0.0993039, -0.0992972, 0.0039587, 0.995044, -0.00112333, -0.996024, 0.0038664, -0.122641, 0.828429, 0.0157937)
joint_offset = Transform3D(1, 0, 0, 0, 1, 0, 0, 0, 1, 0.000165517, -2.65823e-05, 0.246476)
body_offset = Transform3D(1, 2.66568e-06, 3.88939e-06, 2.00321e-07, -1.57931e-05, -0.999994, -7.69005e-06, 0.996032, -6.5146e-07, -0.000166476, 0.246475, 2.66386e-05)

[node name="Physical Bone shinR" parent="Human_Template_Male/metarig/Skeleton3D" index="16"]
transform = Transform3D(0.997615, -0.000138, 0.0692323, -0.0691432, 0.0394563, 0.997236, -0.00285286, -1.0127, 0.0388381, -0.164102, 0.335539, 0.00518041)
joint_offset = Transform3D(1, 0, 0, 0, 1, 0, 0, 0, 1, -4.23623e-08, 2.06254e-06, 0.249601)
body_offset = Transform3D(1.00001, 2.36491e-05, 3.75153e-06, -5.91419e-07, -1.22637e-05, -1.00039, -3.55067e-07, 1.01347, -5.90831e-06, -8.9407e-07, 0.249698, -6.15604e-07)

[node name="Physical Bone footR" parent="Human_Template_Male/metarig/Skeleton3D" index="17"]
transform = Transform3D(1, -7.68448e-07, 1.20142e-07, 1.20025e-06, -0.889707, 0.456531, -8.9408e-08, -0.456532, -0.889708, -0.18138, 0.0581512, 0.051009)
joint_offset = Transform3D(1, 0, 0, 0, 1, 0, 0, 0, 1, 9.57932e-07, 1.39714e-07, 0.0624039)
joint_rotation = Vector3(0, 0, 0)
body_offset = Transform3D(1, -6.358e-07, -6.82321e-08, -8.24056e-07, -6.55651e-07, -1, -1.15999e-06, 1, 1.49012e-07, -9.53674e-07, 0.0624039, -1.49012e-07)

[node name="AnimationPlayer" parent="Human_Template_Male" index="1"]
playback_default_blend_time = 0.0

[node name="AnimationTree" parent="." index="2"]
parameters/Movement/playback = SubResource("AnimationNodeStateMachinePlayback_qsloq")

[node name="ProjectileTimer" parent="Timers" index="1"]
wait_time = 10.0

[node name="FrostingGun" type="Node3D" parent="." index="6"]
script = ExtResource("4_lmnxi")

[node name="Frosting" type="GPUParticles3D" parent="FrostingGun" index="0"]
transform = Transform3D(1, 0, 0, 0, 1, 0, 0, 0, 1, -0.450174, 1.13343, 0)
emitting = false
amount = 100
lifetime = 16.71
one_shot = true
explosiveness = 0.55
process_material = SubResource("ParticleProcessMaterial_lckb1")
draw_pass_1 = SubResource("SphereMesh_irlaw")

[node name="FrostingTimer" type="Timer" parent="FrostingGun" index="1"]
wait_time = 3.0
one_shot = true

[node name="FrostingHitDetect" type="RayCast3D" parent="FrostingGun" index="2"]
transform = Transform3D(1, 0, 0, 0, 1, 0, 0, 0, 1, 0, 1.33603, 0)
enabled = false
target_position = Vector3(0, 0, -1)
collision_mask = 2
debug_shape_custom_color = Color(0.137255, 0.117647, 1, 1)

[node name="HitDelayTimer" type="Timer" parent="FrostingGun" index="3"]
wait_time = 0.5

[connection signal="timeout" from="FrostingGun/FrostingTimer" to="FrostingGun" method="cease_fire"]

[editable path="Human_Template_Male"]
