[gd_scene load_steps=9 format=3 uid="uid://hkelptgjncdb"]

[ext_resource type="PackedScene" uid="uid://dklaxvd7swq26" path="res://Characters/Character.tscn" id="1_1swas"]
[ext_resource type="Script" path="res://Characters/Cashier/cashier.gd" id="2_qcidc"]
[ext_resource type="Script" path="res://Characters/Resources/character_data.gd" id="3_sti7t"]
[ext_resource type="PackedScene" uid="uid://chra6tqgxkrgm" path="res://Projectile/Coin/coin.tscn" id="4_ksiil"]

[sub_resource type="Resource" id="Resource_42bg4"]
resource_local_to_scene = true
script = ExtResource("3_sti7t")
Team = "Cashier"
max_health = 75
single_fire = false
base_damage = 10
special_damage = 0
projectile_damage = 5
projectile_speed = 40.0
max_ammo = 50
move_speed = 7.0
acceleration = 0.1
gravity = 30.0
dodge_force = 25.0
punch_force = 10.0

[sub_resource type="StandardMaterial3D" id="StandardMaterial3D_tsnm5"]
albedo_color = Color(0.831373, 0.686275, 0, 1)

[sub_resource type="CapsuleMesh" id="CapsuleMesh_coidy"]
material = SubResource("StandardMaterial3D_tsnm5")
radius = 0.201
height = 0.654

[sub_resource type="AnimationNodeStateMachinePlayback" id="AnimationNodeStateMachinePlayback_wtaax"]

[node name="Cashier" instance=ExtResource("1_1swas")]
script = ExtResource("2_qcidc")
character_stats = SubResource("Resource_42bg4")
projectile = ExtResource("4_ksiil")

[node name="Human_Template_Male" parent="." index="1"]
transform = Transform3D(1, 0, 0, 0, 1, 0, 0, 0, 1, 0, 0, 0)

[node name="Skeleton3D" parent="Human_Template_Male/metarig" index="0"]
bones/6/rotation = Quaternion(-0.0758868, -0.00563747, -0.0151884, 0.996985)
bones/8/position = Vector3(0.0183, 0.142292, 0.0783958)
bones/31/position = Vector3(-0.0183, 0.142292, 0.0783958)

[node name="RightHookBone" parent="Human_Template_Male/metarig/Skeleton3D" index="1"]
transform = Transform3D(-0.996636, 0.0819602, -5.96941e-05, -0.0809554, -0.984304, 0.156818, 0.0127941, 0.156295, 0.987628, -0.288997, 1.09473, 0.0555382)

[node name="LeftHookBone" parent="Human_Template_Male/metarig/Skeleton3D" index="2"]
transform = Transform3D(-0.996636, -0.0819603, 5.95488e-05, 0.0809555, -0.984304, 0.156818, -0.0127942, 0.156295, 0.987628, 0.288997, 1.09473, 0.0555382)

[node name="Physical Bone spine" parent="Human_Template_Male/metarig/Skeleton3D" index="3"]
transform = Transform3D(0.997262, -7.39433e-14, -4.80681e-13, -1.03422e-13, 0.999999, -2.38419e-07, 2.68868e-15, 2.68221e-07, 0.999999, -1.38224e-08, 1.37348, 0.016659)
joint_offset = Transform3D(1, 0, 0, 0, 1, 0, 0, 0, 1, 1.38602e-08, -0.363581, -0.071859)
body_offset = Transform3D(0.997262, -7.39433e-14, -4.80681e-13, -9.9476e-14, 0.968338, 0.249639, 2.84217e-14, -0.249639, 0.968338, -1.38224e-08, 0.370008, -0.0211802)

[node name="Physical Bone spine005" parent="Human_Template_Male/metarig/Skeleton3D" index="4"]
transform = Transform3D(0.258819, -0.96866, -1.76919e-07, 0.965926, 0.258819, 1.49012e-08, 2.5332e-07, -1.04308e-07, 0.999999, -1.27777e-08, 1.8518, 0.0674139)
joint_offset = Transform3D(1, 0, 0, 0, 1, 0, 0, 0, 1, -0.127618, -0.0340987, -0.054414)
body_offset = Transform3D(0.258819, -0.96866, -1.76919e-07, 0.948961, 0.254273, 0.186599, -0.180241, -0.0482955, 0.982435, -1.27777e-08, 0.139929, 0.0288094)

[node name="Physical Bone shoulderL" parent="Human_Template_Male/metarig/Skeleton3D" index="5"]
transform = Transform3D(0.989296, -0.145433, -3.27379e-07, 0.145435, 0.991978, 1.37405e-06, -1.55262e-06, 2.99794e-05, 0.999875, 0.223851, 1.50778, -0.000378229)
joint_offset = Transform3D(1, 0, 0, 0, 1, 0, 0, 0, 1, -0.18861, 0.130366, 0.0687826)
body_offset = Transform3D(0.501655, -0.0737955, 0.861783, 0.852582, -0.125928, -0.507032, 0.145958, 0.991901, -0.000224444, 0.044962, 0.212098, -0.101766)

[node name="Physical Bone forearmL" parent="Human_Template_Male/metarig/Skeleton3D" index="6"]
transform = Transform3D(0.999995, -1.69501e-06, 8.11659e-06, -2.00234e-07, -0.196544, 0.980377, 2.19792e-07, -0.980479, -0.196531, 0.267352, 1.23599, 0.0252098)
joint_offset = Transform3D(1, 0, 0, 0, 1, 0, 0, 0, 1, 0.00615068, 0.0015503, 0.138077)
body_offset = Transform3D(-0.996972, 0.0546283, -0.0552391, 0.0546562, -0.0120865, -0.998314, -0.0552089, -0.998418, 0.00905538, 0.0136746, 0.137526, 0.000637084)

[node name="Physical Bone handL" parent="Human_Template_Male/metarig/Skeleton3D" index="7"]
transform = Transform3D(1, -1.82219e-07, 5.01281e-06, -5.08929e-06, 0.167404, -0.985883, 7.79331e-07, 0.985882, 0.167411, 0.262923, 0.976497, 0.0670568)
joint_offset = Transform3D(1, 0, 0, 0, 1, 0, 0, 0, 1, 0.0260747, 0.00835445, -0.118003)
body_offset = Transform3D(-0.996636, 0.000938885, -0.0819595, -0.0819551, -0.0106881, 0.996573, 5.95279e-05, 0.999936, 0.010736, 0.0163077, 0.119825, -0.00708859)

[node name="Physical Bone shoulderR" parent="Human_Template_Male/metarig/Skeleton3D" index="8"]
transform = Transform3D(0.999556, -2.09548e-09, 8.97089e-08, -5.33153e-06, 0.999711, 2.91038e-11, 6.8693e-07, -4.65661e-10, 0.999998, -0.204249, 1.59991, 0.0060909)
joint_offset = Transform3D(1, 0, 0, 0, 1, 0, 0, 0, 1, 0.186031, 0.00976162, 0.0623091)
body_offset = Transform3D(0.506869, 7.35783e-05, -0.861889, -0.861508, -0.000570426, -0.507094, -0.000534222, 0.999711, -0.000225872, -0.0405906, 0.191869, -0.00964534)

[node name="Physical Bone upper_armR" parent="Human_Template_Male/metarig/Skeleton3D" index="9"]
transform = Transform3D(-0.973782, -0.0769172, 0.214079, 0.21737, -0.0371945, 0.975376, -0.0670607, 0.99634, 0.0529389, -0.245797, 1.48664, 0.00332849)
joint_offset = Transform3D(1, 0, 0, 0, 1, 0, 0, 0, 1, 0.00230693, -0.000311638, 0.136817)
body_offset = Transform3D(0.999999, -2.91318e-06, 1.27237e-05, 1.16811e-05, -3.26e-05, -0.999995, 3.241e-06, 0.999996, -3.22312e-05, -0.00230867, 0.136816, 0.000316039)

[node name="Physical Bone forearmR" parent="Human_Template_Male/metarig/Skeleton3D" index="10"]
transform = Transform3D(-0.996973, 0.0552042, 0.0546437, 0.0648818, 0.204986, 0.976597, 0.0427114, 0.977198, -0.207953, -0.281147, 1.22167, 0.0255598)
joint_offset = Transform3D(1, 0, 0, 0, 1, 0, 0, 0, 1, 0.000833391, 0.00270029, 0.152346)
body_offset = Transform3D(0.999994, -3.14415e-06, 1.94656e-05, 1.62004e-05, 0.000141889, -0.999986, 3.38629e-06, 0.999992, 0.000135943, -0.000836343, 0.152343, -0.00272098)

[node name="Physical Bone handR" parent="Human_Template_Male/metarig/Skeleton3D" index="11"]
transform = Transform3D(0.980297, 0.196701, -0.0155034, 0.107859, -0.468472, 0.87686, 0.165217, -0.861301, -0.480478, -0.288494, 1.06253, 0.067178)
joint_offset = Transform3D(1, 0, 0, 0, 1, 0, 0, 0, 1, 0.00100281, -0.00492444, 0.0333978)
body_offset = Transform3D(-0.983616, -0.169133, -0.0616826, 1.91107e-06, 0.342624, -0.939464, 0.180029, -0.924121, -0.337025, 0.00221357, 0.0330633, 0.00652459)

[node name="Physical Bone thighL" parent="Human_Template_Male/metarig/Skeleton3D" index="12"]
transform = Transform3D(0.995057, 0.000736686, -0.0993009, 0.0992972, 0.003955, 0.995044, 0.00113255, -0.997261, 0.00387562, 0.122511, 0.827226, 0.0158376)
joint_offset = Transform3D(1, 0, 0, 0, 1, 0, 0, 0, 1, 8.20898e-05, 2.46333e-05, 0.24766)
body_offset = Transform3D(1, -2.15776e-06, -8.39451e-07, -1.90914e-07, -7.10809e-06, -0.999994, -1.52516e-06, 0.997269, -9.86923e-06, -8.18819e-05, 0.247658, -2.21217e-05)

[node name="Physical Bone shinL" parent="Human_Template_Male/metarig/Skeleton3D" index="13"]
transform = Transform3D(0.997626, 0.000160248, -0.0692306, 0.0691445, 0.0389933, 0.99746, 0.0028533, -1.0011, 0.0388716, 0.1641, 0.33554, 0.00517981)
joint_offset = Transform3D(1, 0, 0, 0, 1, 0, 0, 0, 1, -2.34599e-06, 7.61245e-06, 0.249544)
body_offset = Transform3D(1.00002, -3.47849e-07, 1.35813e-05, 2.60916e-08, 2.34693e-07, -1.00061, -4.05125e-08, 1.00186, -3.06666e-05, -1.04308e-06, 0.249697, 2.6077e-08)

[node name="Physical Bone footL" parent="Human_Template_Male/metarig/Skeleton3D" index="14"]
transform = Transform3D(1, 1.32194e-07, -1.77318e-07, 2.03208e-07, -0.889708, 0.456532, -1.0569e-07, -0.456532, -0.889708, 0.18187, 0.0580961, 0.0509231)
joint_offset = Transform3D(1, 0, 0, 0, 1, 0, 0, 0, 1, -0.000490994, -8.80584e-05, 0.0623526)
body_offset = Transform3D(1, -4.53646e-10, 1.10562e-08, 9.75565e-09, -1.19209e-07, -1, 3.96131e-10, 1, -1.19209e-07, 0.000490993, 0.0623526, 8.80659e-05)

[node name="Physical Bone thighR" parent="Human_Template_Male/metarig/Skeleton3D" index="15"]
transform = Transform3D(0.99505, -0.000736715, 0.0993009, -0.0992963, 0.00395494, 0.995044, -0.00113039, -0.997261, 0.00387664, -0.122472, 0.82884, 0.0158284)
joint_offset = Transform3D(1, 0, 0, 0, 1, 0, 0, 0, 1, 3.89244e-05, 9.28363e-06, 0.246051)
body_offset = Transform3D(0.999993, 2.13471e-06, 8.38302e-07, 1.11977e-08, -7.04406e-06, -0.999994, -6.26547e-07, 0.997269, -1.08858e-05, -3.91304e-05, 0.246049, -6.57979e-06)

[node name="Physical Bone shinR" parent="Human_Template_Male/metarig/Skeleton3D" index="16"]
transform = Transform3D(0.997626, -0.000160248, 0.0692306, -0.0691447, 0.0389933, 0.99746, -0.00285332, -1.0011, 0.0388716, -0.1641, 0.33554, 0.00517979)
joint_offset = Transform3D(1, 0, 0, 0, 1, 0, 0, 0, 1, 2.34599e-06, 7.59758e-06, 0.249544)
body_offset = Transform3D(1.00002, 3.47849e-07, -1.35813e-05, 1.60748e-07, 2.34693e-07, -1.00061, 4.81959e-08, 1.00186, -3.06666e-05, 1.04308e-06, 0.249697, 4.09782e-08)

[node name="Physical Bone footR" parent="Human_Template_Male/metarig/Skeleton3D" index="17"]
transform = Transform3D(1, -1.3233e-07, 1.77591e-07, -2.03208e-07, -0.889708, 0.456532, 1.05664e-07, -0.456532, -0.889708, -0.181871, 0.0581539, 0.0510072)
joint_offset = Transform3D(1, 0, 0, 0, 1, 0, 0, 0, 1, 0.000491068, 1.79558e-06, 0.062401)
joint_rotation = Vector3(0, 0, 0)
body_offset = Transform3D(1, 3.18046e-10, -1.07841e-08, -9.7788e-09, -1.19209e-07, -1, -3.84105e-10, 1, -1.19209e-07, -0.000491068, 0.062401, -1.78814e-06)

[node name="AnimationPlayer" parent="Human_Template_Male" index="1"]
playback_default_blend_time = 0.0

[node name="ProjectilePlacement" parent="Human_Template_Male" index="2"]
transform = Transform3D(1, 0, 0, 0, 1, 0, 0, 0, 1, -0.284627, 1.25401, 0.260283)

[node name="MeshInstance3D" parent="Human_Template_Male" index="3"]
mesh = SubResource("CapsuleMesh_coidy")

[node name="AnimationTree" parent="." index="2"]
parameters/Movement/playback = SubResource("AnimationNodeStateMachinePlayback_wtaax")

[node name="ProjectileTimer" parent="Timers" index="1"]
wait_time = 0.1

[editable path="Human_Template_Male"]
