[gd_scene load_steps=7 format=3 uid="uid://hkelptgjncdb"]

[ext_resource type="PackedScene" uid="uid://dklaxvd7swq26" path="res://Characters/Character.tscn" id="1_1swas"]
[ext_resource type="Script" path="res://Characters/Cashier/cashier.gd" id="2_qcidc"]
[ext_resource type="Script" path="res://Characters/Resources/character_data.gd" id="3_sti7t"]
[ext_resource type="PackedScene" uid="uid://chra6tqgxkrgm" path="res://Projectile/Coin/coin.tscn" id="4_ksiil"]

[sub_resource type="Resource" id="Resource_42bg4"]
resource_local_to_scene = true
script = ExtResource("3_sti7t")
Team = "CASHIER"
max_health = 100
single_fire = false
base_damage = 10
special_damage = 0
projectile_speed = 30.0
projectile_damage = 5
max_ammo = 50
move_speed = 5.0
acceleration = 0.1
gravity = 30.0

[sub_resource type="AnimationNodeStateMachinePlayback" id="AnimationNodeStateMachinePlayback_wtaax"]

[node name="Cashier" instance=ExtResource("1_1swas")]
script = ExtResource("2_qcidc")
character_stats = SubResource("Resource_42bg4")
projectile = ExtResource("4_ksiil")

[node name="Human_Template_Male" parent="." index="1"]
transform = Transform3D(1, 0, 0, 0, 1, 0, 0, 0, 1, 0, 0, 0)

[node name="Skeleton3D" parent="Human_Template_Male/metarig" index="0"]
bones/6/rotation = Quaternion(-0.0629872, -0.0097064, -0.0261508, 0.997624)
bones/8/position = Vector3(0.0183, 0.145715, 0.0784936)
bones/31/position = Vector3(-0.0183, 0.145715, 0.0784936)

[node name="RightHookBone" parent="Human_Template_Male/metarig/Skeleton3D" index="1"]
transform = Transform3D(-0.996636, 0.0819614, -5.98207e-05, -0.0809567, -0.984304, 0.156816, 0.012794, 0.156294, 0.987628, -0.288996, 1.09816, 0.0555373)

[node name="LeftHookBone" parent="Human_Template_Male/metarig/Skeleton3D" index="2"]
transform = Transform3D(-0.996636, -0.0819601, 5.91613e-05, 0.0809554, -0.984304, 0.156817, -0.0127944, 0.156294, 0.987628, 0.288997, 1.09816, 0.0555378)

[node name="Physical Bone spine" parent="Human_Template_Male/metarig/Skeleton3D" index="3"]
transform = Transform3D(0.999057, -7.41473e-14, -4.82314e-13, -1.03422e-13, 0.999999, -2.38419e-07, 2.6887e-15, 2.68221e-07, 0.999999, -1.38491e-08, 1.37348, 0.0166581)
joint_offset = Transform3D(1, 0, 0, 0, 1, 0, 0, 0, 1, 1.38621e-08, -0.363581, -0.0718581)
body_offset = Transform3D(0.999057, -7.41473e-14, -4.82314e-13, -9.9476e-14, 0.968338, 0.249639, 2.84217e-14, -0.249639, 0.968338, -1.38491e-08, 0.370008, -0.0211811)

[node name="Physical Bone spine005" parent="Human_Template_Male/metarig/Skeleton3D" index="4"]
transform = Transform3D(0.258819, -0.966865, -1.76919e-07, 0.965926, 0.258819, 1.49012e-08, 0, -1.3411e-07, 0.999999, -1.2751e-08, 1.8518, 0.067414)
joint_offset = Transform3D(1, 0, 0, 0, 1, 0, 0, 0, 1, -0.127603, -0.0341578, -0.0544141)
body_offset = Transform3D(0.258819, -0.966865, -1.76919e-07, 0.948961, 0.254273, 0.186599, -0.180241, -0.0482955, 0.982435, -1.2751e-08, 0.139929, 0.0288094)

[node name="Physical Bone shoulderL" parent="Human_Template_Male/metarig/Skeleton3D" index="5"]
transform = Transform3D(0.989296, -0.145429, -3.27842e-07, 0.145435, 0.990183, 4.98112e-07, -1.22479e-06, 1.08493e-05, 0.999875, 0.223699, 1.5097, -8.79988e-05)
joint_offset = Transform3D(1, 0, 0, 0, 1, 0, 0, 0, 1, -0.188135, 0.132563, 0.0684949)
body_offset = Transform3D(0.501655, -0.0738097, 0.861783, 0.852582, -0.125914, -0.507032, 0.145958, 0.990106, -0.00022532, 0.0451355, 0.211821, -0.103776)

[node name="Physical Bone forearmL" parent="Human_Template_Male/metarig/Skeleton3D" index="6"]
transform = Transform3D(0.999995, -9.574e-07, 3.41696e-06, -1.76951e-07, -0.196543, 0.980451, 5.36442e-07, -0.980482, -0.196538, 0.267352, 1.23717, 0.0255745)
joint_offset = Transform3D(1, 0, 0, 0, 1, 0, 0, 0, 1, 0.00615124, 0.00136922, 0.140832)
body_offset = Transform3D(-0.996972, 0.0546281, -0.0552389, 0.0546562, -0.0120871, -0.998388, -0.0552089, -0.998421, 0.0090629, 0.0138372, 0.140285, 0.000430316)

[node name="Physical Bone handL" parent="Human_Template_Male/metarig/Skeleton3D" index="7"]
transform = Transform3D(0.999996, -5.7754e-07, 3.35448e-06, -8.8401e-07, 0.167404, -0.985883, 5.28551e-07, 0.985882, 0.167408, 0.262923, 0.979626, 0.0670581)
joint_offset = Transform3D(1, 0, 0, 0, 1, 0, 0, 0, 1, 0.0260746, 0.00848572, -0.118789)
body_offset = Transform3D(-0.996632, 0.0009389, -0.0819577, -0.0819589, -0.0106882, 0.996573, 5.96908e-05, 0.999936, 0.0107336, 0.0162431, 0.12061, -0.0072117)

[node name="Physical Bone shoulderR" parent="Human_Template_Male/metarig/Skeleton3D" index="8"]
transform = Transform3D(0.999556, -1.25309e-06, -3.57043e-07, -7.15372e-07, 0.999711, -7.01635e-07, 1.10296e-06, 7.79895e-07, 0.999998, -0.204253, 1.60025, 0.0061225)
joint_offset = Transform3D(1, 0, 0, 0, 1, 0, 0, 0, 1, 0.186035, 0.0133495, 0.0622774)
body_offset = Transform3D(0.506869, 7.35786e-05, -0.861889, -0.861508, -0.000570426, -0.507094, -0.00053072, 0.999711, -0.000225872, -0.0406203, 0.191859, -0.0132328)

[node name="Physical Bone upper_armR" parent="Human_Template_Male/metarig/Skeleton3D" index="9"]
transform = Transform3D(-0.973782, -0.0769172, 0.214077, 0.217368, -0.0371957, 0.975376, -0.0670603, 0.996339, 0.0529403, -0.245913, 1.49097, 0.00332817)
joint_offset = Transform3D(1, 0, 0, 0, 1, 0, 0, 0, 1, 0.00210553, -0.000305489, 0.136447)
body_offset = Transform3D(0.999999, -2.71946e-06, 1.26779e-05, 1.16492e-05, -3.26037e-05, -0.999995, 3.27826e-06, 0.999996, -3.22163e-05, -0.00210726, 0.136446, 0.000309877)

[node name="Physical Bone forearmR" parent="Human_Template_Male/metarig/Skeleton3D" index="10"]
transform = Transform3D(-0.996973, 0.055204, 0.0546423, 0.0648803, 0.204984, 0.976597, 0.0427115, 0.977199, -0.207951, -0.281147, 1.22444, 0.0260392)
joint_offset = Transform3D(1, 0, 0, 0, 1, 0, 0, 0, 1, 0.000887368, 0.0024665, 0.153567)
body_offset = Transform3D(0.999994, -3.07336e-06, 1.94656e-05, 1.6422e-05, 0.000142157, -0.999986, 3.26708e-06, 0.999992, 0.000135943, -0.000890344, 0.153564, -0.00248736)

[node name="Physical Bone handR" parent="Human_Template_Male/metarig/Skeleton3D" index="11"]
transform = Transform3D(0.98031, 0.196701, -0.0155046, 0.107862, -0.468471, 0.876861, 0.165217, -0.861301, -0.480476, -0.288493, 1.0664, 0.0671846)
joint_offset = Transform3D(1, 0, 0, 0, 1, 0, 0, 0, 1, 0.0010081, -0.00494641, 0.0334547)
body_offset = Transform3D(-0.98363, -0.169133, -0.0616826, 1.42679e-06, 0.342624, -0.939464, 0.180029, -0.924121, -0.337025, 0.00221857, 0.0331242, 0.00652248)

[node name="Physical Bone thighL" parent="Human_Template_Male/metarig/Skeleton3D" index="12"]
transform = Transform3D(0.995057, 0.000739887, -0.0993007, 0.0992972, 0.00395745, 0.99505, 0.0011325, -0.999054, 0.00386824, 0.122401, 0.827382, 0.0158239)
joint_offset = Transform3D(1, 0, 0, 0, 1, 0, 0, 0, 1, 0.000176393, 8.55305e-06, 0.247493)
body_offset = Transform3D(1, -7.20262e-07, -9.47371e-08, -1.90904e-07, -2.78675e-06, -1, -1.52248e-06, 0.999062, -2.95346e-06, -0.00017637, 0.247493, -7.8138e-06)

[node name="Physical Bone shinL" parent="Human_Template_Male/metarig/Skeleton3D" index="13"]
transform = Transform3D(0.997623, 0.000160266, -0.0692133, 0.0691442, 0.0389636, 0.997256, 0.00285326, -1.00035, 0.0388573, 0.1641, 0.33554, 0.00518019)
joint_offset = Transform3D(1, 0, 0, 0, 1, 0, 0, 0, 1, -3.4699e-06, 6.16708e-06, 0.249595)
body_offset = Transform3D(1.00002, -2.37254e-07, 1.66487e-05, 1.15775e-07, 4.4331e-07, -1.00041, -3.70201e-08, 1.00111, -2.47806e-05, -6.85453e-07, 0.249697, 1.11759e-08)

[node name="Physical Bone footL" parent="Human_Template_Male/metarig/Skeleton3D" index="14"]
transform = Transform3D(1, 1.22936e-07, -2.62865e-07, 2.3641e-07, -0.889708, 0.45653, -1.8237e-07, -0.456531, -0.889708, 0.181422, 0.0580964, 0.0509235)
joint_offset = Transform3D(1, 0, 0, 0, 1, 0, 0, 0, 1, -4.23051e-05, -8.80287e-05, 0.0623525)
body_offset = Transform3D(1, -1.36993e-10, 1.07399e-08, 1.02424e-08, -1.19209e-07, -1, 1.46816e-10, 1, -1.19209e-07, 4.23044e-05, 0.0623525, 8.80361e-05)

[node name="Physical Bone thighR" parent="Human_Template_Male/metarig/Skeleton3D" index="15"]
transform = Transform3D(0.995057, -0.000739895, 0.0993007, -0.099297, 0.00395745, 0.99505, -0.00113035, -0.999054, 0.00386925, -0.122449, 0.828945, 0.0158247)
joint_offset = Transform3D(1, 0, 0, 0, 1, 0, 0, 0, 1, 2.67711e-05, 3.36574e-06, 0.245942)
body_offset = Transform3D(1, 7.12927e-07, 8.61405e-08, 1.12e-08, -2.78372e-06, -1, -6.34347e-07, 0.999062, -3.96674e-06, -2.67923e-05, 0.245942, -2.38698e-06)

[node name="Physical Bone shinR" parent="Human_Template_Male/metarig/Skeleton3D" index="16"]
transform = Transform3D(0.997623, -0.000160266, 0.0692133, -0.0691443, 0.0389636, 0.997256, -0.00285327, -1.00035, 0.0388573, -0.1641, 0.33554, 0.00518017)
joint_offset = Transform3D(1, 0, 0, 0, 1, 0, 0, 0, 1, 3.4699e-06, 6.1522e-06, 0.249595)
body_offset = Transform3D(1.00002, 2.37254e-07, -1.66487e-05, 3.82715e-09, 4.4331e-07, -1.00041, 4.23752e-08, 1.00111, -2.47806e-05, 6.85453e-07, 0.249697, 2.6077e-08)

[node name="Physical Bone footR" parent="Human_Template_Male/metarig/Skeleton3D" index="17"]
transform = Transform3D(1, -1.23071e-07, 2.63137e-07, -2.3641e-07, -0.889708, 0.45653, 1.82332e-07, -0.456531, -0.889708, -0.181422, 0.0581542, 0.0510076)
joint_offset = Transform3D(1, 0, 0, 0, 1, 0, 0, 0, 1, 4.23796e-05, 1.81048e-06, 0.0624009)
joint_rotation = Vector3(0, 0, 0)
body_offset = Transform3D(1, 1.39266e-12, -1.04678e-08, -1.0276e-08, -1.19209e-07, -1, -1.29724e-10, 1, -1.19209e-07, -4.23789e-05, 0.0624009, -1.80304e-06)

[node name="AnimationPlayer" parent="Human_Template_Male" index="1"]
playback_default_blend_time = 0.0

[node name="AnimationTree" parent="." index="2"]
parameters/Movement/playback = SubResource("AnimationNodeStateMachinePlayback_wtaax")

[node name="ProjectileTimer" parent="Timers" index="1"]
wait_time = 0.1

[editable path="Human_Template_Male"]
