[gd_scene load_steps=9 format=3 uid="uid://hkelptgjncdb"]

[ext_resource type="PackedScene" uid="uid://dklaxvd7swq26" path="res://Characters/Character.tscn" id="1_1swas"]
[ext_resource type="Script" path="res://Characters/Cashier/cashier.gd" id="2_qcidc"]
[ext_resource type="Script" path="res://Characters/Resources/character_data.gd" id="3_sti7t"]
[ext_resource type="PackedScene" uid="uid://chra6tqgxkrgm" path="res://Projectile/Coin/coin.tscn" id="4_ksiil"]

[sub_resource type="Resource" id="Resource_42bg4"]
resource_local_to_scene = true
script = ExtResource("3_sti7t")
Team = "Cashier"
max_health = 75
single_fire = false
base_damage = 10
special_damage = 0
projectile_damage = 5
projectile_speed = 20.0
max_ammo = 50
move_speed = 10.0
acceleration = 0.1
gravity = 30.0
dodge_force = 20.0
punch_force = 8.0

[sub_resource type="StandardMaterial3D" id="StandardMaterial3D_tsnm5"]
albedo_color = Color(0.831373, 0.686275, 0, 1)

[sub_resource type="CapsuleMesh" id="CapsuleMesh_coidy"]
material = SubResource("StandardMaterial3D_tsnm5")
radius = 0.201
height = 0.654

[sub_resource type="AnimationNodeStateMachinePlayback" id="AnimationNodeStateMachinePlayback_wtaax"]

[node name="Cashier" instance=ExtResource("1_1swas")]
script = ExtResource("2_qcidc")
character_stats = SubResource("Resource_42bg4")
projectile = ExtResource("4_ksiil")

[node name="Human_Template_Male" parent="." index="1"]
transform = Transform3D(1, 0, 0, 0, 1, 0, 0, 0, 1, 0, 0, 0)

[node name="Skeleton3D" parent="Human_Template_Male/metarig" index="0"]
bones/6/rotation = Quaternion(-0.0788428, -0.00470377, -0.0126728, 0.996795)
bones/8/position = Vector3(0.0183, 0.141452, 0.0783718)
bones/31/position = Vector3(-0.0183, 0.141453, 0.0783718)

[node name="RightHookBone" parent="Human_Template_Male/metarig/Skeleton3D" index="1"]
transform = Transform3D(-0.996636, 0.0819602, -5.96941e-05, -0.0809554, -0.984304, 0.156818, 0.0127941, 0.156295, 0.987628, -0.288997, 1.09389, 0.0555382)

[node name="LeftHookBone" parent="Human_Template_Male/metarig/Skeleton3D" index="2"]
transform = Transform3D(-0.996636, -0.0819603, 5.95488e-05, 0.0809555, -0.984304, 0.156818, -0.0127942, 0.156295, 0.987628, 0.288997, 1.09389, 0.0555382)

[node name="Physical Bone spine" parent="Human_Template_Male/metarig/Skeleton3D" index="3"]
transform = Transform3D(0.996845, -7.38958e-14, -4.80301e-13, -1.03422e-13, 0.999999, -2.38419e-07, 2.68868e-15, 2.68221e-07, 0.999999, -1.38162e-08, 1.37348, 0.0166595)
joint_offset = Transform3D(1, 0, 0, 0, 1, 0, 0, 0, 1, 1.38599e-08, -0.363581, -0.0718595)
body_offset = Transform3D(0.996845, -7.38958e-14, -4.80301e-13, -9.9476e-14, 0.968338, 0.249639, 2.84217e-14, -0.249639, 0.968338, -1.38162e-08, 0.370008, -0.0211798)

[node name="Physical Bone spine005" parent="Human_Template_Male/metarig/Skeleton3D" index="4"]
transform = Transform3D(0.258819, -0.969077, -1.76919e-07, 0.965926, 0.258819, 1.49012e-08, 2.5332e-07, -1.04308e-07, 0.999999, -1.27839e-08, 1.8518, 0.0674139)
joint_offset = Transform3D(1, 0, 0, 0, 1, 0, 0, 0, 1, -0.127622, -0.034085, -0.054414)
body_offset = Transform3D(0.258819, -0.969077, -1.76919e-07, 0.948961, 0.254273, 0.186599, -0.180241, -0.0482955, 0.982435, -1.27839e-08, 0.139929, 0.0288094)

[node name="Physical Bone shoulderL" parent="Human_Template_Male/metarig/Skeleton3D" index="5"]
transform = Transform3D(0.989296, -0.145433, -3.27271e-07, 0.145435, 0.992395, 1.57817e-06, -1.55262e-06, 3.4266e-05, 0.999875, 0.223866, 1.50795, -0.000440456)
joint_offset = Transform3D(1, 0, 0, 0, 1, 0, 0, 0, 1, -0.188755, 0.129491, 0.0688443)
body_offset = Transform3D(0.501655, -0.0737918, 0.861783, 0.852582, -0.125931, -0.507032, 0.145958, 0.992318, -0.00022424, 0.0449161, 0.212142, -0.10093)

[node name="Physical Bone forearmL" parent="Human_Template_Male/metarig/Skeleton3D" index="6"]
transform = Transform3D(0.999995, -2.2687e-06, 9.51515e-06, -2.00234e-07, -0.196543, 0.980362, 2.19792e-07, -0.980472, -0.196529, 0.267353, 1.23597, 0.0251273)
joint_offset = Transform3D(1, 0, 0, 0, 1, 0, 0, 0, 1, 0.00615031, 0.0015964, 0.137428)
body_offset = Transform3D(-0.996972, 0.0546284, -0.0552395, 0.0546562, -0.012086, -0.998298, -0.0552089, -0.99841, 0.00905393, 0.013636, 0.136878, 0.000689149)

[node name="Physical Bone handL" parent="Human_Template_Male/metarig/Skeleton3D" index="7"]
transform = Transform3D(1, -1.82219e-07, 5.1246e-06, -6.05165e-06, 0.167404, -0.985882, 8.76389e-07, 0.985882, 0.167412, 0.262923, 0.976025, 0.0670567)
joint_offset = Transform3D(1, 0, 0, 0, 1, 0, 0, 0, 1, 0.0260747, 0.00832227, -0.117813)
body_offset = Transform3D(-0.996636, 0.000938885, -0.0819596, -0.0819541, -0.0106881, 0.996573, 5.94725e-05, 0.999936, 0.0107366, 0.0163233, 0.119635, -0.00705837)

[node name="Physical Bone shoulderR" parent="Human_Template_Male/metarig/Skeleton3D" index="8"]
transform = Transform3D(0.999556, -2.03727e-09, 8.97089e-08, -6.14504e-06, 0.999711, 2.91038e-11, 6.87114e-07, -3.63798e-10, 0.999998, -0.204248, 1.60008, 0.006081)
joint_offset = Transform3D(1, 0, 0, 0, 1, 0, 0, 0, 1, 0.18603, 0.00892754, 0.062319)
body_offset = Transform3D(0.506869, 7.35783e-05, -0.861889, -0.861508, -0.000570426, -0.507094, -0.000535036, 0.999711, -0.000225872, -0.0405816, 0.191873, -0.00881135)

[node name="Physical Bone upper_armR" parent="Human_Template_Male/metarig/Skeleton3D" index="9"]
transform = Transform3D(-0.973782, -0.0769172, 0.214079, 0.21737, -0.0371945, 0.975376, -0.0670607, 0.99634, 0.052939, -0.245779, 1.48593, 0.00332832)
joint_offset = Transform3D(1, 0, 0, 0, 1, 0, 0, 0, 1, 0.0023351, -0.000311985, 0.136862)
body_offset = Transform3D(0.999999, -2.98023e-06, 1.28485e-05, 1.16811e-05, -3.25777e-05, -0.999995, 3.241e-06, 0.999996, -3.20785e-05, -0.00233686, 0.136861, 0.000316367)

[node name="Physical Bone forearmR" parent="Human_Template_Male/metarig/Skeleton3D" index="10"]
transform = Transform3D(-0.996973, 0.0552043, 0.0546437, 0.0648825, 0.204986, 0.976597, 0.0427114, 0.977198, -0.207953, -0.281147, 1.2213, 0.0254484)
joint_offset = Transform3D(1, 0, 0, 0, 1, 0, 0, 0, 1, 0.000818913, 0.00274843, 0.152033)
body_offset = Transform3D(0.999994, -3.25963e-06, 1.94656e-05, 1.55782e-05, 0.000141755, -0.999986, 3.47197e-06, 0.999992, 0.000135943, -0.000821859, 0.15203, -0.00276908)

[node name="Physical Bone handR" parent="Human_Template_Male/metarig/Skeleton3D" index="11"]
transform = Transform3D(0.980265, 0.196701, -0.0155034, 0.107856, -0.468472, 0.87686, 0.165217, -0.861301, -0.480478, -0.288494, 1.06188, 0.0671758)
joint_offset = Transform3D(1, 0, 0, 0, 1, 0, 0, 0, 1, 0.00100158, -0.00491921, 0.0333834)
body_offset = Transform3D(-0.983584, -0.169133, -0.0616826, 2.12342e-06, 0.342624, -0.939464, 0.180028, -0.924121, -0.337025, 0.00221232, 0.0330479, 0.00652477)

[node name="Physical Bone thighL" parent="Human_Template_Male/metarig/Skeleton3D" index="12"]
transform = Transform3D(0.995057, 0.000735948, -0.0993008, 0.0992972, 0.00395425, 0.995044, 0.00113255, -0.996844, 0.00387562, 0.122518, 0.827199, 0.0158376)
joint_offset = Transform3D(1, 0, 0, 0, 1, 0, 0, 0, 1, 7.75731e-05, 2.47486e-05, 0.247688)
body_offset = Transform3D(1, -2.49466e-06, -7.72396e-07, -1.90919e-07, -8.0457e-06, -0.999994, -1.52644e-06, 0.996852, -9.86946e-06, -7.73817e-05, 0.247687, -2.2226e-05)

[node name="Physical Bone shinL" parent="Human_Template_Male/metarig/Skeleton3D" index="13"]
transform = Transform3D(0.997626, 0.000160246, -0.0692426, 0.0691445, 0.0390273, 0.997648, 0.00285331, -1.00197, 0.0388855, 0.164099, 0.33554, 0.00517979)
joint_offset = Transform3D(1, 0, 0, 0, 1, 0, 0, 0, 1, -2.43302e-06, 9.23484e-06, 0.249496)
body_offset = Transform3D(1.00002, -4.78467e-07, 1.45897e-05, -1.12559e-08, 7.07805e-08, -1.0008, -4.16767e-08, 1.00272, -3.72715e-05, -1.20699e-06, 0.249697, 3.91155e-08)

[node name="Physical Bone footL" parent="Human_Template_Male/metarig/Skeleton3D" index="14"]
transform = Transform3D(1, 1.32194e-07, -1.77289e-07, 2.03208e-07, -0.889708, 0.456532, -1.05847e-07, -0.456532, -0.889708, 0.181975, 0.0580961, 0.0509231)
joint_offset = Transform3D(1, 0, 0, 0, 1, 0, 0, 0, 1, -0.000595406, -8.80584e-05, 0.0623526)
body_offset = Transform3D(1, -4.53845e-10, 1.10852e-08, 9.61553e-09, -1.19209e-07, -1, 4.67882e-10, 1, -1.19209e-07, 0.000595406, 0.0623526, 8.80659e-05)

[node name="Physical Bone thighR" parent="Human_Template_Male/metarig/Skeleton3D" index="15"]
transform = Transform3D(0.99505, -0.000735981, 0.0993008, -0.0992963, 0.00395417, 0.995044, -0.00113039, -0.996844, 0.00387664, -0.122508, 0.828828, 0.0158376)
joint_offset = Transform3D(1, 0, 0, 0, 1, 0, 0, 0, 1, 7.34374e-05, 1.8523e-05, 0.246066)
body_offset = Transform3D(0.999993, 2.47022e-06, 7.71246e-07, 1.12022e-08, -7.96607e-06, -0.999994, -6.25383e-07, 0.996852, -1.0886e-05, -7.36266e-05, 0.246065, -1.57859e-05)

[node name="Physical Bone shinR" parent="Human_Template_Male/metarig/Skeleton3D" index="16"]
transform = Transform3D(0.997626, -0.000160246, 0.0692426, -0.0691447, 0.0390273, 0.997648, -0.00285332, -1.00197, 0.0388855, -0.164099, 0.33554, 0.00517978)
joint_offset = Transform3D(1, 0, 0, 0, 1, 0, 0, 0, 1, 2.43302e-06, 9.21998e-06, 0.249496)
body_offset = Transform3D(1.00002, 4.78467e-07, -1.45897e-05, 2.13091e-07, 7.07805e-08, -1.0008, 5.09899e-08, 1.00272, -3.72715e-05, 1.20699e-06, 0.249697, 5.40167e-08)

[node name="Physical Bone footR" parent="Human_Template_Male/metarig/Skeleton3D" index="17"]
transform = Transform3D(1, -1.3233e-07, 1.77562e-07, -2.03208e-07, -0.889708, 0.456532, 1.05797e-07, -0.456532, -0.889708, -0.181975, 0.0581539, 0.0510072)
joint_offset = Transform3D(1, 0, 0, 0, 1, 0, 0, 0, 1, 0.000595481, 1.79558e-06, 0.062401)
joint_rotation = Vector3(0, 0, 0)
body_offset = Transform3D(1, 3.18245e-10, -1.08131e-08, -9.65988e-09, -1.19209e-07, -1, -4.44842e-10, 1, -1.19209e-07, -0.00059548, 0.062401, -1.78814e-06)

[node name="AnimationPlayer" parent="Human_Template_Male" index="1"]
playback_default_blend_time = 0.0

[node name="ProjectilePlacement" parent="Human_Template_Male" index="2"]
transform = Transform3D(1, 0, 0, 0, 1, 0, 0, 0, 1, -0.284627, 1.25401, 0.260283)

[node name="MeshInstance3D" parent="Human_Template_Male" index="3"]
mesh = SubResource("CapsuleMesh_coidy")

[node name="AnimationTree" parent="." index="2"]
parameters/Movement/playback = SubResource("AnimationNodeStateMachinePlayback_wtaax")

[node name="ProjectileTimer" parent="Timers" index="1"]
wait_time = 0.1

[editable path="Human_Template_Male"]
