[gd_scene load_steps=9 format=3 uid="uid://hkelptgjncdb"]

[ext_resource type="PackedScene" uid="uid://dklaxvd7swq26" path="res://Characters/Character.tscn" id="1_1swas"]
[ext_resource type="Script" path="res://Characters/Cashier/cashier.gd" id="2_qcidc"]
[ext_resource type="Script" path="res://Characters/Resources/character_data.gd" id="3_sti7t"]
[ext_resource type="PackedScene" uid="uid://chra6tqgxkrgm" path="res://Projectile/Coin/coin.tscn" id="4_ksiil"]

[sub_resource type="Resource" id="Resource_42bg4"]
resource_local_to_scene = true
script = ExtResource("3_sti7t")
Team = "Cashier"
max_health = 75
single_fire = false
base_damage = 10
special_damage = 0
projectile_damage = 5
projectile_speed = 40.0
max_ammo = 50
move_speed = 7.0
acceleration = 0.2
gravity = 30.0
dodge_force = 20.0
punch_force = 8.0

[sub_resource type="StandardMaterial3D" id="StandardMaterial3D_tsnm5"]
albedo_color = Color(0.831373, 0.686275, 0, 1)

[sub_resource type="CapsuleMesh" id="CapsuleMesh_coidy"]
material = SubResource("StandardMaterial3D_tsnm5")
radius = 0.201
height = 0.654

[sub_resource type="AnimationNodeStateMachinePlayback" id="AnimationNodeStateMachinePlayback_wtaax"]

[node name="Cashier" instance=ExtResource("1_1swas")]
script = ExtResource("2_qcidc")
character_stats = SubResource("Resource_42bg4")
projectile = ExtResource("4_ksiil")

[node name="Human_Template_Male" parent="." index="1"]
transform = Transform3D(1, 0, 0, 0, 1, 0, 0, 0, 1, 0, 0, 0)

[node name="Skeleton3D" parent="Human_Template_Male/metarig" index="0"]
bones/6/rotation = Quaternion(-0.0746699, -0.00602168, -0.0162235, 0.997058)
bones/8/position = Vector3(0.0183, 0.142638, 0.0784057)
bones/31/position = Vector3(-0.0183, 0.142638, 0.0784057)

[node name="RightHookBone" parent="Human_Template_Male/metarig/Skeleton3D" index="1"]
transform = Transform3D(-0.996636, 0.0819602, -5.96941e-05, -0.0809554, -0.984304, 0.156818, 0.0127941, 0.156295, 0.987628, -0.288997, 1.09508, 0.0555382)

[node name="LeftHookBone" parent="Human_Template_Male/metarig/Skeleton3D" index="2"]
transform = Transform3D(-0.996636, -0.0819603, 5.95488e-05, 0.0809555, -0.984304, 0.156818, -0.0127942, 0.156295, 0.987628, 0.288997, 1.09508, 0.0555382)

[node name="Physical Bone spine" parent="Human_Template_Male/metarig/Skeleton3D" index="3"]
transform = Transform3D(0.99714, -7.39294e-14, -4.8057e-13, -1.03422e-13, 0.999999, -2.38419e-07, 2.68868e-15, 2.68221e-07, 0.999999, -1.38206e-08, 1.37348, 0.0166594)
joint_offset = Transform3D(1, 0, 0, 0, 1, 0, 0, 0, 1, 1.38602e-08, -0.363581, -0.0718593)
body_offset = Transform3D(0.99714, -7.39294e-14, -4.8057e-13, -9.9476e-14, 0.968338, 0.249639, 2.84217e-14, -0.249639, 0.968338, -1.38206e-08, 0.370008, -0.0211799)

[node name="Physical Bone spine005" parent="Human_Template_Male/metarig/Skeleton3D" index="4"]
transform = Transform3D(0.258819, -0.968782, -1.76919e-07, 0.965926, 0.258819, 1.49012e-08, 2.5332e-07, -1.04308e-07, 0.999999, -1.27795e-08, 1.8518, 0.0674139)
joint_offset = Transform3D(1, 0, 0, 0, 1, 0, 0, 0, 1, -0.127619, -0.0340947, -0.054414)
body_offset = Transform3D(0.258819, -0.968782, -1.76919e-07, 0.948961, 0.254273, 0.186599, -0.180241, -0.0482955, 0.982435, -1.27795e-08, 0.139929, 0.0288094)

[node name="Physical Bone shoulderL" parent="Human_Template_Male/metarig/Skeleton3D" index="5"]
transform = Transform3D(0.989296, -0.145433, -3.27347e-07, 0.145435, 0.9921, 1.43365e-06, -1.55262e-06, 3.06818e-05, 0.999875, 0.223856, 1.50858, -0.000397295)
joint_offset = Transform3D(1, 0, 0, 0, 1, 0, 0, 0, 1, -0.188653, 0.13011, 0.0688016)
body_offset = Transform3D(0.501655, -0.0737949, 0.861783, 0.852582, -0.125929, -0.507032, 0.145958, 0.992023, -0.000224384, 0.044948, 0.212111, -0.101521)

[node name="Physical Bone forearmL" parent="Human_Template_Male/metarig/Skeleton3D" index="6"]
transform = Transform3D(0.999995, -1.96695e-06, 9.15088e-06, -2.00234e-07, -0.196543, 0.980365, 2.19792e-07, -0.980477, -0.196529, 0.267353, 1.23673, 0.0251865)
joint_offset = Transform3D(1, 0, 0, 0, 1, 0, 0, 0, 1, 0.00615039, 0.00156256, 0.137898)
body_offset = Transform3D(-0.996972, 0.0546284, -0.0552393, 0.0546562, -0.0120863, -0.998301, -0.0552089, -0.998416, 0.00905392, 0.0136638, 0.137346, 0.000651121)

[node name="Physical Bone handL" parent="Human_Template_Male/metarig/Skeleton3D" index="7"]
transform = Transform3D(1, -1.82219e-07, 5.1246e-06, -5.14892e-06, 0.167404, -0.985882, 7.41569e-07, 0.985882, 0.167412, 0.262923, 0.977111, 0.0670568)
joint_offset = Transform3D(1, 0, 0, 0, 1, 0, 0, 0, 1, 0.0260748, 0.00834471, -0.117946)
body_offset = Transform3D(-0.996636, 0.000938885, -0.0819596, -0.081955, -0.0106881, 0.996573, 5.94803e-05, 0.999936, 0.0107366, 0.0163124, 0.119768, -0.00707939)

[node name="Physical Bone shoulderR" parent="Human_Template_Male/metarig/Skeleton3D" index="8"]
transform = Transform3D(0.999556, -2.03727e-09, 8.97089e-08, -5.5689e-06, 0.999711, 2.91038e-11, 6.86983e-07, -3.63798e-10, 0.999998, -0.204248, 1.60071, 0.00608809)
joint_offset = Transform3D(1, 0, 0, 0, 1, 0, 0, 0, 1, 0.186031, 0.00951769, 0.0623119)
body_offset = Transform3D(0.506869, 7.35783e-05, -0.861889, -0.861508, -0.000570426, -0.507094, -0.00053446, 0.999711, -0.000225872, -0.0405881, 0.191871, -0.00940144)

[node name="Physical Bone upper_armR" parent="Human_Template_Male/metarig/Skeleton3D" index="9"]
transform = Transform3D(-0.973782, -0.0769172, 0.214079, 0.21737, -0.0371946, 0.975376, -0.0670607, 0.99634, 0.052939, -0.245797, 1.48719, 0.00332841)
joint_offset = Transform3D(1, 0, 0, 0, 1, 0, 0, 0, 1, 0.00230721, -0.00031164, 0.136818)
body_offset = Transform3D(0.999999, -2.98768e-06, 1.28341e-05, 1.16492e-05, -3.25739e-05, -0.999995, 3.27826e-06, 0.999996, -3.20747e-05, -0.00230896, 0.136818, 0.00031602)

[node name="Physical Bone forearmR" parent="Human_Template_Male/metarig/Skeleton3D" index="10"]
transform = Transform3D(-0.996973, 0.0552043, 0.0546436, 0.0648822, 0.204986, 0.976597, 0.0427114, 0.977198, -0.207953, -0.281147, 1.22231, 0.0255235)
joint_offset = Transform3D(1, 0, 0, 0, 1, 0, 0, 0, 1, 0.000829088, 0.00271747, 0.152251)
body_offset = Transform3D(0.999994, -3.21493e-06, 1.95513e-05, 1.59238e-05, 0.000141859, -0.999986, 3.41982e-06, 0.999992, 0.000135943, -0.000832051, 0.152248, -0.00273815)

[node name="Physical Bone handR" parent="Human_Template_Male/metarig/Skeleton3D" index="11"]
transform = Transform3D(0.980265, 0.196701, -0.0155034, 0.107856, -0.468472, 0.87686, 0.165217, -0.861301, -0.480478, -0.288494, 1.0631, 0.0671758)
joint_offset = Transform3D(1, 0, 0, 0, 1, 0, 0, 0, 1, 0.00100159, -0.00491924, 0.0333834)
body_offset = Transform3D(-0.983584, -0.169133, -0.0616826, 2.03028e-06, 0.342624, -0.939464, 0.180028, -0.924121, -0.337025, 0.00221232, 0.0330479, 0.00652474)

[node name="Physical Bone thighL" parent="Human_Template_Male/metarig/Skeleton3D" index="12"]
transform = Transform3D(0.995057, 0.000736469, -0.0993009, 0.0992972, 0.00395478, 0.995044, 0.00113255, -0.99714, 0.00387562, 0.122511, 0.827226, 0.0158376)
joint_offset = Transform3D(1, 0, 0, 0, 1, 0, 0, 0, 1, 8.19912e-05, 2.46366e-05, 0.24766)
body_offset = Transform3D(1, -2.25741e-06, -8.02197e-07, -1.90917e-07, -7.38236e-06, -0.999994, -1.52586e-06, 0.997147, -9.87039e-06, -8.17925e-05, 0.247658, -2.21217e-05)

[node name="Physical Bone shinL" parent="Human_Template_Male/metarig/Skeleton3D" index="13"]
transform = Transform3D(0.997626, 0.000160248, -0.0692396, 0.0691445, 0.0390047, 0.99761, 0.0028533, -1.00139, 0.0388839, 0.1641, 0.33554, 0.0051798)
joint_offset = Transform3D(1, 0, 0, 0, 1, 0, 0, 0, 1, -2.60873e-06, 9.20252e-06, 0.249506)
body_offset = Transform3D(1.00002, -3.89526e-07, 1.49948e-05, 1.1205e-08, 1.63913e-07, -1.00077, -3.9814e-08, 1.00215, -3.7089e-05, -1.13249e-06, 0.249697, 3.1665e-08)

[node name="Physical Bone footL" parent="Human_Template_Male/metarig/Skeleton3D" index="14"]
transform = Transform3D(1, 1.32194e-07, -1.77289e-07, 2.03208e-07, -0.889708, 0.456532, -1.05736e-07, -0.456532, -0.889708, 0.181901, 0.0580961, 0.0509231)
joint_offset = Transform3D(1, 0, 0, 0, 1, 0, 0, 0, 1, -0.000521571, -8.80584e-05, 0.0623526)
body_offset = Transform3D(1, -4.53753e-10, 1.10852e-08, 9.71465e-09, -1.19209e-07, -1, 4.17025e-10, 1, -1.19209e-07, 0.00052157, 0.0623526, 8.80659e-05)

[node name="Physical Bone thighR" parent="Human_Template_Male/metarig/Skeleton3D" index="15"]
transform = Transform3D(0.99505, -0.000736499, 0.0993009, -0.0992963, 0.00395474, 0.995044, -0.00113039, -0.99714, 0.00387664, -0.122502, 0.828835, 0.0158317)
joint_offset = Transform3D(1, 0, 0, 0, 1, 0, 0, 0, 1, 6.87511e-05, 1.257e-05, 0.246058)
body_offset = Transform3D(0.999993, 2.23168e-06, 8.01047e-07, 1.12e-08, -7.34115e-06, -0.999994, -6.25965e-07, 0.997147, -1.08869e-05, -6.89477e-05, 0.246057, -9.85526e-06)

[node name="Physical Bone shinR" parent="Human_Template_Male/metarig/Skeleton3D" index="16"]
transform = Transform3D(0.997626, -0.000160248, 0.0692396, -0.0691447, 0.0390047, 0.99761, -0.00285332, -1.00139, 0.0388839, -0.1641, 0.33554, 0.00517979)
joint_offset = Transform3D(1, 0, 0, 0, 1, 0, 0, 0, 1, 2.60873e-06, 9.18765e-06, 0.249506)
body_offset = Transform3D(1.00002, 3.89526e-07, -1.49948e-05, 1.83187e-07, 1.63913e-07, -1.00077, 4.95929e-08, 1.00215, -3.7089e-05, 1.13249e-06, 0.249697, 4.65661e-08)

[node name="Physical Bone footR" parent="Human_Template_Male/metarig/Skeleton3D" index="17"]
transform = Transform3D(1, -1.3233e-07, 1.77562e-07, -2.03208e-07, -0.889708, 0.456532, 1.05706e-07, -0.456532, -0.889708, -0.181901, 0.0581539, 0.0510072)
joint_offset = Transform3D(1, 0, 0, 0, 1, 0, 0, 0, 1, 0.000521646, 1.79558e-06, 0.062401)
joint_rotation = Vector3(0, 0, 0)
body_offset = Transform3D(1, 3.18153e-10, -1.08131e-08, -9.74139e-09, -1.19209e-07, -1, -4.03166e-10, 1, -1.19209e-07, -0.000521645, 0.062401, -1.78814e-06)

[node name="AnimationPlayer" parent="Human_Template_Male" index="1"]
playback_default_blend_time = 0.0

[node name="ProjectilePlacement" parent="Human_Template_Male" index="2"]
transform = Transform3D(1, 0, 0, 0, 1, 0, 0, 0, 1, -0.284627, 1.25401, 0.260283)

[node name="MeshInstance3D" parent="Human_Template_Male" index="3"]
mesh = SubResource("CapsuleMesh_coidy")

[node name="AnimationTree" parent="." index="2"]
parameters/Movement/playback = SubResource("AnimationNodeStateMachinePlayback_wtaax")

[node name="ProjectileTimer" parent="Timers" index="1"]
wait_time = 0.1

[editable path="Human_Template_Male"]
