[gd_scene load_steps=7 format=3 uid="uid://hkelptgjncdb"]

[ext_resource type="PackedScene" uid="uid://dklaxvd7swq26" path="res://Characters/Character.tscn" id="1_1swas"]
[ext_resource type="Script" path="res://Characters/Cashier/cashier.gd" id="2_qcidc"]
[ext_resource type="Script" path="res://Characters/Resources/character_data.gd" id="3_sti7t"]
[ext_resource type="PackedScene" uid="uid://chra6tqgxkrgm" path="res://Projectile/Coin/coin.tscn" id="4_ksiil"]

[sub_resource type="Resource" id="Resource_42bg4"]
resource_local_to_scene = true
script = ExtResource("3_sti7t")
Team = "CASHIER"
max_health = 100
single_fire = false
base_damage = 10
special_damage = 0
projectile_speed = 30.0
projectile_damage = 1
max_ammo = 50
move_speed = 10.0
acceleration = 0.07
gravity = 30.0

[sub_resource type="AnimationNodeStateMachinePlayback" id="AnimationNodeStateMachinePlayback_wtaax"]

[node name="Cashier" instance=ExtResource("1_1swas")]
script = ExtResource("2_qcidc")
character_stats = SubResource("Resource_42bg4")
projectile = ExtResource("4_ksiil")

[node name="Human_Template_Male" parent="." index="1"]
transform = Transform3D(1, 0, 0, 0, 1, 0, 0, 0, 1, 0, 0, 0)

[node name="Skeleton3D" parent="Human_Template_Male/metarig" index="0"]
bones/6/rotation = Quaternion(-0.066413, -0.00862666, -0.0232418, 0.997484)
bones/31/position = Vector3(-0.0183, 0.144954, 0.0784719)

[node name="RightHookBone" parent="Human_Template_Male/metarig/Skeleton3D" index="1"]
transform = Transform3D(-0.996636, 0.0819614, -5.98207e-05, -0.0809567, -0.984304, 0.156816, 0.012794, 0.156294, 0.987628, -0.288996, 1.0974, 0.0555374)

[node name="LeftHookBone" parent="Human_Template_Male/metarig/Skeleton3D" index="2"]
transform = Transform3D(-0.996636, -0.0819601, 5.91613e-05, 0.0809554, -0.984304, 0.156817, -0.0127944, 0.156294, 0.987628, 0.288997, 1.09791, 0.0555378)

[node name="Physical Bone spine" parent="Human_Template_Male/metarig/Skeleton3D" index="3"]
transform = Transform3D(0.99915, -7.41578e-14, -4.82398e-13, -1.03422e-13, 0.999999, -2.38419e-07, 2.6887e-15, 2.68221e-07, 0.999999, -1.38505e-08, 1.37348, 0.016658)
joint_offset = Transform3D(1, 0, 0, 0, 1, 0, 0, 0, 1, 1.38622e-08, -0.363581, -0.071858)
body_offset = Transform3D(0.99915, -7.41578e-14, -4.82398e-13, -9.9476e-14, 0.968338, 0.249639, 2.84217e-14, -0.249639, 0.968338, -1.38505e-08, 0.370008, -0.0211812)

[node name="Physical Bone spine005" parent="Human_Template_Male/metarig/Skeleton3D" index="4"]
transform = Transform3D(0.258819, -0.966772, -1.76919e-07, 0.965926, 0.258819, 1.49012e-08, 0, -1.3411e-07, 0.999999, -1.27496e-08, 1.8518, 0.0674141)
joint_offset = Transform3D(1, 0, 0, 0, 1, 0, 0, 0, 1, -0.127602, -0.0341609, -0.0544142)
body_offset = Transform3D(0.258819, -0.966772, -1.76919e-07, 0.948961, 0.254273, 0.186599, -0.180241, -0.0482955, 0.982435, -1.27496e-08, 0.139929, 0.0288095)

[node name="Physical Bone shoulderL" parent="Human_Template_Male/metarig/Skeleton3D" index="5"]
transform = Transform3D(0.989296, -0.145429, -3.27866e-07, 0.145435, 0.99009, 4.53103e-07, -1.22479e-06, 1.00134e-05, 0.999875, 0.223696, 1.50937, -7.41333e-05)
joint_offset = Transform3D(1, 0, 0, 0, 1, 0, 0, 0, 1, -0.188118, 0.132652, 0.0684812)
body_offset = Transform3D(0.501655, -0.0738107, 0.861783, 0.852582, -0.125914, -0.507032, 0.145958, 0.990013, -0.000225365, 0.0451456, 0.211811, -0.103854)

[node name="Physical Bone forearmL" parent="Human_Template_Male/metarig/Skeleton3D" index="6"]
transform = Transform3D(0.999995, -8.64267e-07, 2.90421e-06, -1.76951e-07, -0.196543, 0.980453, 5.36442e-07, -0.980482, -0.196538, 0.267352, 1.23678, 0.0255922)
joint_offset = Transform3D(1, 0, 0, 0, 1, 0, 0, 0, 1, 0.00615127, 0.0013593, 0.140971)
body_offset = Transform3D(-0.996972, 0.054628, -0.0552385, 0.0546562, -0.0120872, -0.99839, -0.0552089, -0.998421, 0.00906301, 0.0138454, 0.140424, 0.00041914)

[node name="Physical Bone handL" parent="Human_Template_Male/metarig/Skeleton3D" index="7"]
transform = Transform3D(0.999996, -5.7754e-07, 2.95957e-06, -5.72124e-07, 0.167404, -0.985883, 5.68358e-07, 0.985882, 0.167408, 0.262923, 0.979353, 0.0670581)
joint_offset = Transform3D(1, 0, 0, 0, 1, 0, 0, 0, 1, 0.0260746, 0.00848949, -0.118811)
body_offset = Transform3D(-0.996632, 0.0009389, -0.0819573, -0.0819592, -0.0106882, 0.996573, 5.97792e-05, 0.999936, 0.0107332, 0.0162413, 0.120632, -0.00721528)

[node name="Physical Bone shoulderR" parent="Human_Template_Male/metarig/Skeleton3D" index="8"]
transform = Transform3D(0.999556, -1.25309e-06, -3.57043e-07, -5.35394e-07, 0.999711, -7.01635e-07, 1.10292e-06, 7.79895e-07, 0.999998, -0.204253, 1.59931, 0.00612258)
joint_offset = Transform3D(1, 0, 0, 0, 1, 0, 0, 0, 1, 0.186035, 0.0135338, 0.0622774)
body_offset = Transform3D(0.506869, 7.35786e-05, -0.861889, -0.861508, -0.000570426, -0.507094, -0.00053054, 0.999711, -0.000225872, -0.0406203, 0.191859, -0.0134171)

[node name="Physical Bone upper_armR" parent="Human_Template_Male/metarig/Skeleton3D" index="9"]
transform = Transform3D(-0.973782, -0.0769172, 0.214077, 0.217368, -0.0371957, 0.975376, -0.0670604, 0.996339, 0.0529404, -0.245914, 1.49022, 0.00332816)
joint_offset = Transform3D(1, 0, 0, 0, 1, 0, 0, 0, 1, 0.00210179, -0.000304948, 0.136433)
body_offset = Transform3D(0.999999, -2.72691e-06, 1.26318e-05, 1.16811e-05, -3.25963e-05, -0.999995, 3.241e-06, 0.999996, -3.22014e-05, -0.00210351, 0.136432, 0.000309333)

[node name="Physical Bone forearmR" parent="Human_Template_Male/metarig/Skeleton3D" index="10"]
transform = Transform3D(-0.996973, 0.055204, 0.0546422, 0.06488, 0.204984, 0.976597, 0.0427116, 0.977199, -0.207951, -0.281147, 1.22363, 0.0260642)
joint_offset = Transform3D(1, 0, 0, 0, 1, 0, 0, 0, 1, 0.000889557, 0.00245257, 0.153622)
body_offset = Transform3D(0.999994, -3.03984e-06, 1.95662e-05, 1.6666e-05, 0.000142217, -0.999986, 3.29688e-06, 0.999992, 0.000135943, -0.00089255, 0.153619, -0.00247344)

[node name="Physical Bone handR" parent="Human_Template_Male/metarig/Skeleton3D" index="11"]
transform = Transform3D(0.980327, 0.196701, -0.0155045, 0.107863, -0.468471, 0.876861, 0.165217, -0.861301, -0.480476, -0.288493, 1.06561, 0.0671877)
joint_offset = Transform3D(1, 0, 0, 0, 1, 0, 0, 0, 1, 0.00101006, -0.00495446, 0.0334762)
body_offset = Transform3D(-0.983647, -0.169133, -0.0616827, 9.66713e-07, 0.342624, -0.939464, 0.180029, -0.924121, -0.337025, 0.00222048, 0.0331472, 0.00652196)

[node name="Physical Bone thighL" parent="Human_Template_Male/metarig/Skeleton3D" index="12"]
transform = Transform3D(0.995057, 0.000740051, -0.0993007, 0.0992972, 0.00395763, 0.99505, 0.0011325, -0.999146, 0.00386788, 0.122401, 0.827382, 0.0158239)
joint_offset = Transform3D(1, 0, 0, 0, 1, 0, 0, 0, 1, 0.000176454, 8.45844e-06, 0.247493)
body_offset = Transform3D(1, -6.43311e-07, -9.51445e-08, -1.90901e-07, -2.59606e-06, -1, -1.52178e-06, 0.999154, -2.5935e-06, -0.00017643, 0.247493, -7.80914e-06)

[node name="Physical Bone shinL" parent="Human_Template_Male/metarig/Skeleton3D" index="13"]
transform = Transform3D(0.997623, 0.000160262, -0.0692123, 0.0691441, 0.038959, 0.997196, 0.00285326, -1.00021, 0.0388476, 0.1641, 0.33554, 0.00518019)
joint_offset = Transform3D(1, 0, 0, 0, 1, 0, 0, 0, 1, -2.77902e-06, 4.34105e-06, 0.24961)
body_offset = Transform3D(1.00002, -1.62749e-07, 1.35216e-05, 1.9063e-07, -3.72529e-07, -1.00035, -3.91155e-08, 1.00097, -1.74306e-05, -5.96046e-07, 0.249697, 5.58794e-09)

[node name="Physical Bone footL" parent="Human_Template_Male/metarig/Skeleton3D" index="14"]
transform = Transform3D(1, 1.22936e-07, -2.62887e-07, 2.3641e-07, -0.889708, 0.45653, -1.82338e-07, -0.456531, -0.889708, 0.181399, 0.0580964, 0.0509235)
joint_offset = Transform3D(1, 0, 0, 0, 1, 0, 0, 0, 1, -1.91785e-05, -8.80268e-05, 0.0623525)
body_offset = Transform3D(1, -1.36879e-10, 1.0718e-08, 1.02706e-08, -1.49012e-07, -1, 1.32331e-10, 1, -1.49012e-07, 1.91778e-05, 0.0623525, 8.80361e-05)

[node name="Physical Bone thighR" parent="Human_Template_Male/metarig/Skeleton3D" index="15"]
transform = Transform3D(0.995057, -0.000740053, 0.0993007, -0.099297, 0.00395761, 0.99505, -0.00113035, -0.999146, 0.00386889, -0.122446, 0.828958, 0.0158246)
joint_offset = Transform3D(1, 0, 0, 0, 1, 0, 0, 0, 1, 2.50705e-05, 3.09036e-06, 0.245929)
body_offset = Transform3D(1, 6.43311e-07, 9.39981e-08, 1.11991e-08, -2.57604e-06, -1, -6.34464e-07, 0.999154, -3.60678e-06, -2.50936e-05, 0.245929, -2.20072e-06)

[node name="Physical Bone shinR" parent="Human_Template_Male/metarig/Skeleton3D" index="16"]
transform = Transform3D(0.997623, -0.000160262, 0.0692123, -0.0691443, 0.038959, 0.997196, -0.00285327, -1.00021, 0.0388476, -0.1641, 0.33554, 0.00518018)
joint_offset = Transform3D(1, 0, 0, 0, 1, 0, 0, 0, 1, 2.77902e-06, 4.32616e-06, 0.24961)
body_offset = Transform3D(1.00002, 1.62749e-07, -1.35216e-05, -1.86046e-08, -3.72529e-07, -1.00035, 4.1211e-08, 1.00097, -1.74306e-05, 5.96046e-07, 0.249697, 2.04891e-08)

[node name="Physical Bone footR" parent="Human_Template_Male/metarig/Skeleton3D" index="17"]
transform = Transform3D(1, -1.23072e-07, 2.63159e-07, -2.3641e-07, -0.889708, 0.45653, 1.82298e-07, -0.456531, -0.889708, -0.181399, 0.0581543, 0.0510075)
joint_offset = Transform3D(1, 0, 0, 0, 1, 0, 0, 0, 1, 1.9253e-05, 1.81234e-06, 0.0624008)
joint_rotation = Vector3(0, 0, 0)
body_offset = Transform3D(1, 1.27898e-12, -1.04459e-08, -1.03068e-08, -1.49012e-07, -1, -1.13904e-10, 1, -1.49012e-07, -1.92523e-05, 0.0624008, -1.80304e-06)

[node name="AnimationPlayer" parent="Human_Template_Male" index="1"]
playback_default_blend_time = 0.0

[node name="AnimationTree" parent="." index="2"]
parameters/Movement/playback = SubResource("AnimationNodeStateMachinePlayback_wtaax")

[node name="ProjectileTimer" parent="Timers" index="1"]
wait_time = 0.1

[editable path="Human_Template_Male"]
