[gd_scene load_steps=7 format=3 uid="uid://0h5em6sfkjjc"]

[ext_resource type="PackedScene" uid="uid://dklaxvd7swq26" path="res://Characters/Character.tscn" id="1_r08ty"]
[ext_resource type="Script" path="res://Characters/Kitchen/kitchen_dude.gd" id="2_sagpd"]
[ext_resource type="Script" path="res://Characters/Resources/character_data.gd" id="3_c1yn5"]
[ext_resource type="PackedScene" uid="uid://dwlxfwet22vsm" path="res://Projectile/Food/fast_food.tscn" id="4_jy0yt"]

[sub_resource type="Resource" id="Resource_n7pet"]
script = ExtResource("3_c1yn5")
Team = "KITCHEN"
max_health = 100
single_fire = true
base_damage = 10
special_damage = 0
projectile_speed = 20.0
projectile_damage = 20
max_ammo = 30
move_speed = 5.0
acceleration = 0.1
gravity = 30.0

[sub_resource type="AnimationNodeStateMachinePlayback" id="AnimationNodeStateMachinePlayback_cshco"]

[node name="KitchenDude" instance=ExtResource("1_r08ty")]
script = ExtResource("2_sagpd")
character_stats = SubResource("Resource_n7pet")
projectile = ExtResource("4_jy0yt")

[node name="Skeleton3D" parent="Human_Template_Male/metarig" index="0"]
bones/6/rotation = Quaternion(-0.0607301, -0.0104174, -0.0280665, 0.997705)
bones/8/position = Vector3(0.0183, 0.144971, 0.0784724)
bones/31/position = Vector3(-0.0183, 0.144971, 0.0784724)

[node name="RightHookBone" parent="Human_Template_Male/metarig/Skeleton3D" index="1"]
transform = Transform3D(-0.996636, 0.0819614, -5.98207e-05, -0.0809567, -0.984304, 0.156816, 0.012794, 0.156294, 0.987628, -0.288996, 1.09741, 0.0555374)

[node name="LeftHookBone" parent="Human_Template_Male/metarig/Skeleton3D" index="2"]
transform = Transform3D(-0.996636, -0.0819601, 5.91613e-05, 0.0809554, -0.984304, 0.156817, -0.0127944, 0.156294, 0.987628, 0.288997, 1.09741, 0.0555378)

[node name="Physical Bone spine" parent="Human_Template_Male/metarig/Skeleton3D" index="3"]
transform = Transform3D(0.998134, -7.0346e-14, -4.83169e-13, -1.52004e-11, 0.999999, -2.38419e-07, -2.43517e-10, 2.68221e-07, 0.999999, -1.39114e-08, 1.37348, 0.0166581)
joint_offset = Transform3D(1, 0, 0, 0, 1, 0, 0, 0, 1, 1.39373e-08, -0.363581, -0.0718581)
body_offset = Transform3D(0.998134, -7.0346e-14, -4.83169e-13, -7.55236e-11, 0.968338, 0.249639, -2.32063e-10, -0.249639, 0.968338, -1.39114e-08, 0.370008, -0.0211811)

[node name="Physical Bone spine005" parent="Human_Template_Male/metarig/Skeleton3D" index="4"]
transform = Transform3D(0.258819, -0.967787, -1.77806e-07, 0.965922, 0.258819, 1.49012e-08, -7.51684e-07, -2.27743e-07, 0.999999, -1.27955e-08, 1.8518, 0.067414)
joint_offset = Transform3D(1, 0, 0, 0, 1, 0, 0, 0, 1, -0.127611, -0.0341276, -0.0544142)
body_offset = Transform3D(0.258819, -0.967787, -1.77806e-07, 0.948957, 0.254273, 0.186599, -0.180241, -0.0482956, 0.982435, -1.27955e-08, 0.139929, 0.0288094)

[node name="Physical Bone shoulderL" parent="Human_Template_Male/metarig/Skeleton3D" index="5"]
transform = Transform3D(0.989352, -0.145454, -2.32933e-07, 0.145461, 0.991105, -4.11455e-07, -4.71948e-05, 2.24268e-05, 0.999878, 0.223879, 1.50915, -0.000363008)
joint_offset = Transform3D(1, 0, 0, 0, 1, 0, 0, 0, 1, -0.188345, 0.132273, 0.0687596)
body_offset = Transform3D(0.501644, -0.0738125, 0.861785, 0.852654, -0.125942, -0.507033, 0.145985, 0.991028, -0.00022623, 0.0449894, 0.212115, -0.103575)

[node name="Physical Bone forearmL" parent="Human_Template_Male/metarig/Skeleton3D" index="6"]
transform = Transform3D(1.00001, 5.06747e-07, 3.73086e-07, 1.33924e-06, -0.196543, 0.980492, 1.95728e-06, -0.98049, -0.196543, 0.26618, 1.23574, 0.0254062)
joint_offset = Transform3D(1, 0, 0, 0, 1, 0, 0, 0, 1, 0.00732408, 0.00106952, 0.141467)
body_offset = Transform3D(-0.996992, 0.054627, -0.0552383, 0.0546561, -0.0120884, -0.998429, -0.0552083, -0.998429, 0.00906658, 0.015058, 0.140857, 0.000189573)

[node name="Physical Bone handL" parent="Human_Template_Male/metarig/Skeleton3D" index="7"]
transform = Transform3D(0.999991, -3.58213e-05, 5.18537e-05, -1.87545e-05, 0.167404, -0.985879, 6.65921e-06, 0.985883, 0.167404, 0.262923, 0.980161, 0.0667731)
joint_offset = Transform3D(1, 0, 0, 0, 1, 0, 0, 0, 1, 0.0260808, 0.00855216, -0.117481)
body_offset = Transform3D(-0.996628, 0.000974049, -0.0820057, -0.0819399, -0.0106856, 0.996565, 6.29433e-05, 0.999937, 0.0107305, 0.0163504, 0.119306, -0.00729263)

[node name="Physical Bone shoulderR" parent="Human_Template_Male/metarig/Skeleton3D" index="8"]
transform = Transform3D(0.999561, -1.28057e-06, -3.50851e-07, 1.13552e-06, 0.999716, -1.15363e-06, 2.82501e-06, 7.73696e-07, 0.999998, -0.20407, 1.59873, 0.00612889)
joint_offset = Transform3D(1, 0, 0, 0, 1, 0, 0, 0, 1, 0.185852, 0.0141292, 0.0622708)
body_offset = Transform3D(0.50687, 7.35704e-05, -0.861889, -0.861513, -0.000570402, -0.507094, -0.000528872, 0.999716, -0.000226324, -0.0405333, 0.191699, -0.0140128)

[node name="Physical Bone upper_armR" parent="Human_Template_Male/metarig/Skeleton3D" index="9"]
transform = Transform3D(-0.973716, -0.0769073, 0.214054, 0.217356, -0.0371886, 0.975314, -0.0670525, 0.996293, 0.0529343, -0.246723, 1.49093, 0.00332819)
joint_offset = Transform3D(1, 0, 0, 0, 1, 0, 0, 0, 1, 0.00116355, -0.00034133, 0.135944)
body_offset = Transform3D(0.999931, -7.7486e-06, 2.19664e-05, 9.35374e-06, -3.92571e-05, -0.999929, 6.4522e-06, 0.999949, -3.41125e-05, -0.00116646, 0.135934, 0.000345942)

[node name="Physical Bone forearmR" parent="Human_Template_Male/metarig/Skeleton3D" index="10"]
transform = Transform3D(-0.996979, 0.0552038, 0.0546423, 0.0648758, 0.204985, 0.976601, 0.0427115, 0.977202, -0.207947, -0.281876, 1.22409, 0.0263472)
joint_offset = Transform3D(1, 0, 0, 0, 1, 0, 0, 0, 1, 0.00012135, 0.0021251, 0.153289)
body_offset = Transform3D(1, -2.74181e-06, 1.99014e-05, 2.11205e-05, 0.000142127, -0.999989, 2.06381e-06, 0.999995, 0.000140697, -0.000124395, 0.153287, -0.00214666)

[node name="Physical Bone handR" parent="Human_Template_Male/metarig/Skeleton3D" index="11"]
transform = Transform3D(0.980335, 0.196701, -0.0155027, 0.107865, -0.46847, 0.876854, 0.165218, -0.861302, -0.480476, -0.288449, 1.06565, 0.0671861)
joint_offset = Transform3D(1, 0, 0, 0, 1, 0, 0, 0, 1, 0.000964394, -0.00495391, 0.0334562)
body_offset = Transform3D(-0.983655, -0.169133, -0.0616839, -6.70552e-08, 0.342623, -0.939457, 0.18003, -0.924121, -0.337026, 0.00217447, 0.033128, 0.00652398)

[node name="Physical Bone thighL" parent="Human_Template_Male/metarig/Skeleton3D" index="12"]
transform = Transform3D(0.995057, 0.000738684, -0.0993538, 0.0992972, 0.00395849, 0.995038, 0.00113481, -0.99813, 0.00386186, 0.122454, 0.827213, 0.0158249)
joint_offset = Transform3D(1, 0, 0, 0, 1, 0, 0, 0, 1, 0.00015384, 8.6016e-06, 0.247667)
body_offset = Transform3D(1, -7.69855e-07, -5.39706e-05, -2.43557e-07, -7.50902e-06, -0.999994, -3.83228e-06, 0.998138, 3.34647e-06, -0.000140473, 0.247666, -9.41381e-06)

[node name="Physical Bone shinL" parent="Human_Template_Male/metarig/Skeleton3D" index="13"]
transform = Transform3D(0.997613, 0.000158899, -0.0692164, 0.0691426, 0.0389608, 0.997046, 0.00285301, -1.00035, 0.0388268, 0.164105, 0.335475, 0.00518013)
joint_offset = Transform3D(1, 0, 0, 0, 1, 0, 0, 0, 1, 7.79113e-07, 3.12133e-06, 0.249713)
body_offset = Transform3D(1.00001, -1.80095e-06, -1.03148e-06, 1.02241e-06, 3.2261e-06, -1.0002, 1.53901e-07, 1.00111, -2.52947e-06, -5.21541e-07, 0.249763, -2.49315e-06)

[node name="Physical Bone footL" parent="Human_Template_Male/metarig/Skeleton3D" index="14"]
transform = Transform3D(1, 1.22996e-07, -2.63055e-07, 2.36411e-07, -0.889708, 0.45653, -1.82049e-07, -0.456531, -0.889708, 0.18141, 0.0580919, 0.0509257)
joint_offset = Transform3D(1, 0, 0, 0, 1, 0, 0, 0, 1, -3.0101e-05, -9.10536e-05, 0.0623565)
body_offset = Transform3D(1, -7.71649e-11, 1.05502e-08, 1.05278e-08, -1.19209e-07, -1, -3.12639e-13, 1, -1.19209e-07, 3.01003e-05, 0.0623565, 9.1061e-05)

[node name="Physical Bone thighR" parent="Human_Template_Male/metarig/Skeleton3D" index="15"]
transform = Transform3D(0.99505, -0.000741575, 0.0993008, -0.0992963, 0.0039582, 0.995044, -0.00113011, -0.99813, 0.0038728, -0.12241, 0.829009, 0.0158228)
joint_offset = Transform3D(1, 0, 0, 0, 1, 0, 0, 0, 1, -6.12468e-06, 2.04409e-06, 0.245876)
body_offset = Transform3D(0.999993, -2.07848e-06, 7.8895e-07, 2.61789e-08, -6.93649e-06, -0.999994, -8.59378e-07, 0.998138, -7.54045e-06, 5.93066e-06, 0.245875, -1.86265e-07)

[node name="Physical Bone shinR" parent="Human_Template_Male/metarig/Skeleton3D" index="16"]
transform = Transform3D(0.997613, -0.000156732, 0.0692131, -0.0691444, 0.0390907, 0.997116, -0.00285327, -1.00359, 0.0388575, -0.164105, 0.33553, 0.00517793)
joint_offset = Transform3D(1, 0, 0, 0, 1, 0, 0, 0, 1, 5.01725e-06, 5.72531e-06, 0.249641)
body_offset = Transform3D(1.00001, 4.21191e-06, -7.14535e-06, 8.40839e-07, -8.3819e-07, -1.00027, 3.67872e-08, 1.00435, -3.04841e-05, -3.23355e-06, 0.249708, 1.85985e-06)

[node name="Physical Bone footR" parent="Human_Template_Male/metarig/Skeleton3D" index="17"]
transform = Transform3D(1, -1.23152e-07, 2.63348e-07, -2.36411e-07, -0.889708, 0.45653, 1.82047e-07, -0.456531, -0.889708, -0.181845, 0.0581518, 0.0510094)
joint_offset = Transform3D(1, 0, 0, 0, 1, 0, 0, 0, 1, 0.000465275, 4.91727e-07, 0.0624036)
joint_rotation = Vector3(0, 0, 0)
body_offset = Transform3D(1, -7.87708e-11, -1.02575e-08, -1.05291e-08, -1.19209e-07, -1, 1.29319e-12, 1, -1.19209e-07, -0.000465274, 0.0624036, -4.84288e-07)

[node name="ProjectilePlacement" parent="Human_Template_Male" index="2"]
transform = Transform3D(1, 0, 0, 0, 0.969919, 0.243429, 0, -0.243429, 0.969919, -0.26745, 1.25401, 0.260283)

[node name="AnimationTree" parent="." index="2"]
parameters/Movement/playback = SubResource("AnimationNodeStateMachinePlayback_cshco")

[node name="ProjectileTimer" parent="Timers" index="1"]
wait_time = 0.5

[editable path="Human_Template_Male"]
