[gd_scene load_steps=9 format=3 uid="uid://0h5em6sfkjjc"]

[ext_resource type="PackedScene" uid="uid://dklaxvd7swq26" path="res://Characters/Character.tscn" id="1_r08ty"]
[ext_resource type="Script" path="res://Characters/Kitchen/kitchen_dude.gd" id="2_sagpd"]
[ext_resource type="Script" path="res://Characters/Resources/character_data.gd" id="3_c1yn5"]
[ext_resource type="PackedScene" uid="uid://dwlxfwet22vsm" path="res://Projectile/Food/fast_food.tscn" id="4_jy0yt"]

[sub_resource type="Resource" id="Resource_n7pet"]
resource_local_to_scene = true
script = ExtResource("3_c1yn5")
Team = "Kitchen"
max_health = 100
single_fire = true
base_damage = 10
special_damage = 0
projectile_damage = 20
projectile_speed = 20.0
max_ammo = 20
move_speed = 6.0
acceleration = 0.09
gravity = 30.0
dodge_force = 18.0
punch_force = 11.0

[sub_resource type="StandardMaterial3D" id="StandardMaterial3D_b8f12"]
albedo_color = Color(0.42, 0.21525, 0.105, 1)

[sub_resource type="CapsuleMesh" id="CapsuleMesh_imi2d"]
material = SubResource("StandardMaterial3D_b8f12")
radius = 0.201
height = 0.654

[sub_resource type="AnimationNodeStateMachinePlayback" id="AnimationNodeStateMachinePlayback_cshco"]

[node name="KitchenDude" instance=ExtResource("1_r08ty")]
script = ExtResource("2_sagpd")
character_stats = SubResource("Resource_n7pet")
projectile = ExtResource("4_jy0yt")

[node name="Skeleton3D" parent="Human_Template_Male/metarig" index="0"]
bones/6/rotation = Quaternion(-0.0884202, -0.00167538, -0.00451379, 0.996072)
bones/8/position = Vector3(0.0183, 0.138747, 0.0782945)
bones/31/position = Vector3(-0.0183, 0.138747, 0.0782945)

[node name="RightHookBone" parent="Human_Template_Male/metarig/Skeleton3D" index="1"]
transform = Transform3D(-0.996636, 0.0819602, -5.96941e-05, -0.0809554, -0.984304, 0.156818, 0.0127941, 0.156295, 0.987628, -0.288997, 1.09119, 0.0555382)

[node name="LeftHookBone" parent="Human_Template_Male/metarig/Skeleton3D" index="2"]
transform = Transform3D(-0.996636, -0.0819603, 5.95488e-05, 0.0809555, -0.984304, 0.156818, -0.0127942, 0.156295, 0.987628, 0.288997, 1.09119, 0.0555382)

[node name="Physical Bone spine" parent="Human_Template_Male/metarig/Skeleton3D" index="3"]
transform = Transform3D(0.997395, -7.0346e-14, -4.83169e-13, -2.20609e-11, 0.999999, -2.38419e-07, -3.50553e-10, 2.68221e-07, 0.999999, -1.39166e-08, 1.37348, 0.0166594)
joint_offset = Transform3D(1, 0, 0, 0, 1, 0, 0, 0, 1, 1.39529e-08, -0.363581, -0.0718594)
body_offset = Transform3D(0.997395, -7.0346e-14, -4.83169e-13, -1.08876e-10, 0.968338, 0.249639, -3.33955e-10, -0.249639, 0.968338, -1.39166e-08, 0.370008, -0.0211799)

[node name="Physical Bone spine005" parent="Human_Template_Male/metarig/Skeleton3D" index="4"]
transform = Transform3D(0.258819, -0.968526, -1.7816e-07, 0.965922, 0.258819, 1.49012e-08, -7.51684e-07, -2.27937e-07, 0.999999, -1.28397e-08, 1.8518, 0.0674139)
joint_offset = Transform3D(1, 0, 0, 0, 1, 0, 0, 0, 1, -0.127618, -0.0341032, -0.0544142)
body_offset = Transform3D(0.258819, -0.968526, -1.7816e-07, 0.948957, 0.254273, 0.186599, -0.180241, -0.0482956, 0.982435, -1.28397e-08, 0.139929, 0.0288094)

[node name="Physical Bone shoulderL" parent="Human_Template_Male/metarig/Skeleton3D" index="5"]
transform = Transform3D(0.989352, -0.145464, -2.6283e-07, 0.145461, 0.991844, -5.91826e-07, -4.72842e-05, 3.05821e-05, 0.999878, 0.223945, 1.50408, -0.000518584)
joint_offset = Transform3D(1, 0, 0, 0, 1, 0, 0, 0, 1, -0.188638, 0.130725, 0.0689141)
body_offset = Transform3D(0.501644, -0.0738105, 0.861785, 0.852654, -0.125955, -0.507033, 0.145985, 0.991767, -0.00022641, 0.0448887, 0.21225, -0.102095)

[node name="Physical Bone forearmL" parent="Human_Template_Male/metarig/Skeleton3D" index="6"]
transform = Transform3D(1.00003, 2.04998e-07, 3.58767e-07, 2.67848e-06, -0.196544, 0.980493, 3.35427e-06, -0.98049, -0.196544, 0.26618, 1.22939, 0.0252436)
joint_offset = Transform3D(1, 0, 0, 0, 1, 0, 0, 0, 1, 0.00732399, 0.00094991, 0.141235)
body_offset = Transform3D(-0.997012, 0.0546269, -0.0552383, 0.0546562, -0.0120882, -0.998429, -0.0552075, -0.998429, 0.00906678, 0.0150518, 0.140624, 7.2211e-05)

[node name="Physical Bone handL" parent="Human_Template_Male/metarig/Skeleton3D" index="7"]
transform = Transform3D(1.00001, -5.35593e-05, 9.43709e-05, -3.28204e-05, 0.167405, -0.985876, 9.80179e-06, 0.985883, 0.167404, 0.262923, 0.974135, 0.0666249)
joint_offset = Transform3D(1, 0, 0, 0, 1, 0, 0, 0, 1, 0.0260854, 0.00861102, -0.116941)
body_offset = Transform3D(-0.996647, 0.000992117, -0.0820479, -0.0819271, -0.0106841, 0.996558, 6.40884e-05, 0.999937, 0.0107303, 0.0163947, 0.118767, -0.00735734)

[node name="Physical Bone shoulderR" parent="Human_Template_Male/metarig/Skeleton3D" index="8"]
transform = Transform3D(0.999561, -3.06172e-08, 1.85403e-07, 2.31084e-08, 0.999716, -6.32353e-07, 2.43799e-06, -6.70844e-09, 0.999998, -0.204028, 1.59336, 0.00613037)
joint_offset = Transform3D(1, 0, 0, 0, 1, 0, 0, 0, 1, 0.185809, 0.0129431, 0.0622693)
body_offset = Transform3D(0.50687, 7.35696e-05, -0.861889, -0.861513, -0.000570401, -0.507094, -0.000528871, 0.999716, -0.000226504, -0.0405129, 0.191661, -0.012827)

[node name="Physical Bone upper_armR" parent="Human_Template_Male/metarig/Skeleton3D" index="9"]
transform = Transform3D(-0.973695, -0.0769009, 0.214056, 0.217354, -0.0371828, 0.975313, -0.0670507, 0.99627, 0.0529329, -0.246757, 1.48417, 0.00332857)
joint_offset = Transform3D(1, 0, 0, 0, 1, 0, 0, 0, 1, 0.00117526, -0.000351822, 0.136153)
body_offset = Transform3D(0.99991, -1.15782e-05, 2.19664e-05, 7.76374e-06, -4.38578e-05, -0.999929, 7.13021e-06, 0.999925, -3.41125e-05, -0.00117815, 0.136143, 0.000356432)

[node name="Physical Bone forearmR" parent="Human_Template_Male/metarig/Skeleton3D" index="10"]
transform = Transform3D(-0.996979, 0.0552038, 0.0546436, 0.0648764, 0.204986, 0.976601, 0.0427112, 0.977202, -0.207948, -0.281877, 1.21749, 0.0265391)
joint_offset = Transform3D(1, 0, 0, 0, 1, 0, 0, 0, 1, 0.000116158, 0.00194742, 0.153373)
body_offset = Transform3D(1, -2.57045e-06, 1.99247e-05, 2.18842e-05, 0.000142619, -0.999989, 1.73599e-06, 0.999995, 0.000141233, -0.000119209, 0.153371, -0.00196907)

[node name="Physical Bone handR" parent="Human_Template_Male/metarig/Skeleton3D" index="11"]
transform = Transform3D(0.980335, 0.196701, -0.0154994, 0.107864, -0.468471, 0.876835, 0.165218, -0.861301, -0.480475, -0.288449, 1.0591, 0.0671871)
joint_offset = Transform3D(1, 0, 0, 0, 1, 0, 0, 0, 1, 0.000964402, -0.00495418, 0.033457)
body_offset = Transform3D(-0.983655, -0.169133, -0.0616844, -3.72529e-09, 0.342623, -0.939438, 0.18003, -0.924121, -0.337026, 0.0021745, 0.0331281, 0.00652398)

[node name="Physical Bone thighL" parent="Human_Template_Male/metarig/Skeleton3D" index="12"]
transform = Transform3D(0.995057, 0.000737308, -0.0993656, 0.0992972, 0.00395898, 0.994901, 0.00113627, -0.996763, 0.00385461, 0.122457, 0.827187, 0.0158376)
joint_offset = Transform3D(1, 0, 0, 0, 1, 0, 0, 0, 1, 0.000159828, 1.98087e-05, 0.247728)
body_offset = Transform3D(1, -5.80563e-07, -7.93933e-05, -1.89426e-07, -1.29296e-05, -0.999858, -5.24824e-06, 0.99677, 1.05307e-05, -0.00014016, 0.247693, -2.23527e-05)

[node name="Physical Bone shinL" parent="Human_Template_Male/metarig/Skeleton3D" index="13"]
transform = Transform3D(0.997615, 0.000158877, -0.0692165, 0.0691426, 0.0389614, 0.997046, 0.00285303, -1.00035, 0.0388273, 0.164105, 0.335474, 0.00517907)
joint_offset = Transform3D(1, 0, 0, 0, 1, 0, 0, 0, 1, 6.4505e-07, 2.41618e-06, 0.249713)
body_offset = Transform3D(1.00001, -1.8077e-06, -1.03168e-06, 1.18658e-06, 3.18885e-06, -1.0002, 1.53901e-07, 1.00111, -2.46242e-06, -3.8743e-07, 0.249763, -1.80397e-06)

[node name="Physical Bone footL" parent="Human_Template_Male/metarig/Skeleton3D" index="14"]
transform = Transform3D(1, 1.32603e-07, -1.77823e-07, 2.03208e-07, -0.889708, 0.456532, -1.04822e-07, -0.456532, -0.889708, 0.181594, 0.0580915, 0.0509254)
joint_offset = Transform3D(1, 0, 0, 0, 1, 0, 0, 0, 1, -0.000214995, -9.1128e-05, 0.0623567)
body_offset = Transform3D(1, -4.49774e-11, 1.05512e-08, 1.05277e-08, -1.19209e-07, -1, -3.12639e-13, 1, -1.19209e-07, 0.000214994, 0.0623567, 9.11355e-05)

[node name="Physical Bone thighR" parent="Human_Template_Male/metarig/Skeleton3D" index="15"]
transform = Transform3D(0.99505, -0.000741564, 0.0993007, -0.0992963, 0.00395747, 0.995044, -0.00113015, -0.996714, 0.00387505, -0.12241, 0.829009, 0.0158226)
joint_offset = Transform3D(1, 0, 0, 0, 1, 0, 0, 0, 1, -6.06691e-06, 2.48542e-06, 0.245877)
body_offset = Transform3D(0.999993, -3.56045e-06, 6.75203e-07, 2.6183e-08, -1.11982e-05, -0.999994, -8.5833e-07, 0.996721, -9.29879e-06, 5.90086e-06, 0.245875, -1.90921e-07)

[node name="Physical Bone shinR" parent="Human_Template_Male/metarig/Skeleton3D" index="16"]
transform = Transform3D(0.997615, -0.000155348, 0.0692206, -0.0691449, 0.0391589, 0.997298, -0.00285333, -1.00535, 0.038875, -0.164105, 0.335528, 0.00517748)
joint_offset = Transform3D(1, 0, 0, 0, 1, 0, 0, 0, 1, 6.11649e-06, 8.13613e-06, 0.249596)
body_offset = Transform3D(1.00001, 5.92507e-06, -1.23867e-05, 1.11738e-06, -4.47035e-08, -1.00045, 4.84288e-08, 1.00611, -4.03747e-05, -3.02494e-06, 0.249709, 1.89152e-06)

[node name="Physical Bone footR" parent="Human_Template_Male/metarig/Skeleton3D" index="17"]
transform = Transform3D(1, -1.32726e-07, 1.78215e-07, -2.03208e-07, -0.889708, 0.456532, 1.0482e-07, -0.456532, -0.889708, -0.18203, 0.0581521, 0.0510099)
joint_offset = Transform3D(1, 0, 0, 0, 1, 0, 0, 0, 1, 0.000650168, 1.37089e-06, 0.0624042)
joint_rotation = Vector3(0, 0, 0)
body_offset = Transform3D(1, -7.82876e-11, -1.01596e-08, -1.05292e-08, -1.19209e-07, -1, 1.60583e-12, 1, -1.19209e-07, -0.000650167, 0.0624043, -1.36346e-06)

[node name="ProjectilePlacement" parent="Human_Template_Male" index="2"]
transform = Transform3D(1, 0, 0, 0, 0.988552, 0.150881, 0, -0.150881, 0.988552, -0.26745, 1.25401, 0.260283)

[node name="MeshInstance3D" parent="Human_Template_Male" index="3"]
transform = Transform3D(1, 0, 0, 0, 1, 0, 0, 0, 1, 0, 1.37083, 0.0243523)
mesh = SubResource("CapsuleMesh_imi2d")

[node name="AnimationTree" parent="." index="2"]
parameters/Movement/playback = SubResource("AnimationNodeStateMachinePlayback_cshco")

[node name="ProjectileTimer" parent="Timers" index="1"]
wait_time = 0.5

[editable path="Human_Template_Male"]
