[gd_scene load_steps=9 format=3 uid="uid://0h5em6sfkjjc"]

[ext_resource type="PackedScene" uid="uid://dklaxvd7swq26" path="res://Characters/Character.tscn" id="1_r08ty"]
[ext_resource type="Script" path="res://Characters/Kitchen/kitchen_dude.gd" id="2_sagpd"]
[ext_resource type="Script" path="res://Characters/Resources/character_data.gd" id="3_c1yn5"]
[ext_resource type="PackedScene" uid="uid://dwlxfwet22vsm" path="res://Projectile/Food/fast_food.tscn" id="4_jy0yt"]

[sub_resource type="Resource" id="Resource_n7pet"]
resource_local_to_scene = true
script = ExtResource("3_c1yn5")
Team = "Kitchen"
max_health = 100
single_fire = true
base_damage = 10
special_damage = 0
projectile_damage = 20
projectile_speed = 20.0
max_ammo = 20
move_speed = 9.0
acceleration = 0.1
gravity = 30.0
dodge_force = 15.0
punch_force = 8.0

[sub_resource type="StandardMaterial3D" id="StandardMaterial3D_b8f12"]
albedo_color = Color(0.42, 0.21525, 0.105, 1)

[sub_resource type="CapsuleMesh" id="CapsuleMesh_imi2d"]
material = SubResource("StandardMaterial3D_b8f12")
radius = 0.201
height = 0.654

[sub_resource type="AnimationNodeStateMachinePlayback" id="AnimationNodeStateMachinePlayback_cshco"]

[node name="KitchenDude" instance=ExtResource("1_r08ty")]
script = ExtResource("2_sagpd")
character_stats = SubResource("Resource_n7pet")
projectile = ExtResource("4_jy0yt")

[node name="Skeleton3D" parent="Human_Template_Male/metarig" index="0"]
bones/6/rotation = Quaternion(-0.0759744, -0.00560979, -0.0151138, 0.996979)
bones/8/position = Vector3(0.0183, 0.142252, 0.0783947)
bones/31/position = Vector3(-0.0183, 0.142252, 0.0783947)

[node name="RightHookBone" parent="Human_Template_Male/metarig/Skeleton3D" index="1"]
transform = Transform3D(-0.996636, 0.0819602, -5.96941e-05, -0.0809554, -0.984304, 0.156818, 0.0127941, 0.156295, 0.987628, -0.288997, 1.0947, 0.0555382)

[node name="LeftHookBone" parent="Human_Template_Male/metarig/Skeleton3D" index="2"]
transform = Transform3D(-0.996636, -0.0819603, 5.95488e-05, 0.0809555, -0.984304, 0.156818, -0.0127942, 0.156295, 0.987628, 0.288997, 1.0947, 0.0555382)

[node name="Physical Bone spine" parent="Human_Template_Male/metarig/Skeleton3D" index="3"]
transform = Transform3D(0.997175, -7.0346e-14, -4.83169e-13, -2.25443e-11, 0.999999, -2.38419e-07, -3.54163e-10, 2.68221e-07, 0.999999, -1.39166e-08, 1.37348, 0.0166599)
joint_offset = Transform3D(1, 0, 0, 0, 1, 0, 0, 0, 1, 1.3956e-08, -0.363581, -0.0718598)
body_offset = Transform3D(0.997175, -7.0346e-14, -4.83169e-13, -1.10255e-10, 0.968338, 0.249639, -3.37366e-10, -0.249639, 0.968338, -1.39166e-08, 0.370009, -0.0211794)

[node name="Physical Bone spine005" parent="Human_Template_Male/metarig/Skeleton3D" index="4"]
transform = Transform3D(0.258819, -0.968746, -1.78265e-07, 0.965922, 0.258819, 1.49012e-08, -7.51684e-07, -2.27995e-07, 0.999999, -1.28528e-08, 1.8518, 0.0674139)
joint_offset = Transform3D(1, 0, 0, 0, 1, 0, 0, 0, 1, -0.12762, -0.034096, -0.0544142)
body_offset = Transform3D(0.258819, -0.968746, -1.78265e-07, 0.948957, 0.254273, 0.186599, -0.180241, -0.0482956, 0.982435, -1.28528e-08, 0.139929, 0.0288094)

[node name="Physical Bone shoulderL" parent="Human_Template_Male/metarig/Skeleton3D" index="5"]
transform = Transform3D(0.989352, -0.145466, -2.62858e-07, 0.145461, 0.992064, -6.44679e-07, -4.72842e-05, 3.29763e-05, 0.999878, 0.223957, 1.50838, -0.000563697)
joint_offset = Transform3D(1, 0, 0, 0, 1, 0, 0, 0, 1, -0.188677, 0.130539, 0.0689589)
body_offset = Transform3D(0.501644, -0.0738096, 0.861785, 0.852654, -0.125958, -0.507033, 0.145985, 0.991987, -0.000226463, 0.044856, 0.212283, -0.101933)

[node name="Physical Bone forearmL" parent="Human_Template_Male/metarig/Skeleton3D" index="6"]
transform = Transform3D(1.00003, 2.12449e-07, 3.58767e-07, 3.85847e-06, -0.196544, 0.980493, 3.28721e-06, -0.98049, -0.196544, 0.26618, 1.23359, 0.0251932)
joint_offset = Transform3D(1, 0, 0, 0, 1, 0, 0, 0, 1, 0.00732393, 0.000912846, 0.141163)
body_offset = Transform3D(-0.997012, 0.0546269, -0.0552383, 0.054655, -0.0120882, -0.998429, -0.0552073, -0.998429, 0.00906678, 0.0150498, 0.140552, 3.58522e-05)

[node name="Physical Bone handL" parent="Human_Template_Male/metarig/Skeleton3D" index="7"]
transform = Transform3D(1.00001, -5.37702e-05, 9.69264e-05, -4.37734e-05, 0.167404, -0.985876, 1.22573e-05, 0.985883, 0.167404, 0.262923, 0.978419, 0.0665813)
joint_offset = Transform3D(1, 0, 0, 0, 1, 0, 0, 0, 1, 0.0260857, 0.00862899, -0.116786)
body_offset = Transform3D(-0.996648, 0.000992308, -0.0820504, -0.0819159, -0.0106839, 0.996558, 6.47972e-05, 0.999937, 0.0107305, 0.0164073, 0.118613, -0.00737697)

[node name="Physical Bone shoulderR" parent="Human_Template_Male/metarig/Skeleton3D" index="8"]
transform = Transform3D(0.999561, -3.06172e-08, 1.85431e-07, 2.31666e-08, 0.999716, -6.85221e-07, 2.43799e-06, -6.70844e-09, 0.999998, -0.204021, 1.59794, 0.00613083)
joint_offset = Transform3D(1, 0, 0, 0, 1, 0, 0, 0, 1, 0.185803, 0.0125042, 0.0622689)
body_offset = Transform3D(0.50687, 7.35696e-05, -0.861889, -0.861513, -0.000570401, -0.507094, -0.000528871, 0.999716, -0.000226557, -0.0405099, 0.191655, -0.0123882)

[node name="Physical Bone upper_armR" parent="Human_Template_Male/metarig/Skeleton3D" index="9"]
transform = Transform3D(-0.973693, -0.0768921, 0.214056, 0.217353, -0.0371766, 0.975313, -0.0670505, 0.996237, 0.0529329, -0.246784, 1.48827, 0.00332851)
joint_offset = Transform3D(1, 0, 0, 0, 1, 0, 0, 0, 1, 0.00115773, -0.00035539, 0.136199)
body_offset = Transform3D(0.999908, -1.65701e-05, 2.19664e-05, 7.96607e-06, -5.00157e-05, -0.999929, 7.13021e-06, 0.999891, -3.41125e-05, -0.00116062, 0.136189, 0.00035999)

[node name="Physical Bone forearmR" parent="Human_Template_Male/metarig/Skeleton3D" index="10"]
transform = Transform3D(-0.996979, 0.0552038, 0.0546434, 0.0648765, 0.204986, 0.976601, 0.0427111, 0.977202, -0.207948, -0.281877, 1.22162, 0.0265963)
joint_offset = Transform3D(1, 0, 0, 0, 1, 0, 0, 0, 1, 0.000114422, 0.00189402, 0.153397)
body_offset = Transform3D(1, -2.5481e-06, 2.0165e-05, 2.17222e-05, 0.000142604, -0.999989, 1.65775e-06, 0.999995, 0.000141367, -0.000117511, 0.153395, -0.00191569)

[node name="Physical Bone handR" parent="Human_Template_Male/metarig/Skeleton3D" index="11"]
transform = Transform3D(0.980335, 0.196701, -0.0154995, 0.107864, -0.468471, 0.876835, 0.165218, -0.861301, -0.480475, -0.288449, 1.06325, 0.067187)
joint_offset = Transform3D(1, 0, 0, 0, 1, 0, 0, 0, 1, 0.00096357, -0.00495067, 0.0334503)
body_offset = Transform3D(-0.983655, -0.169133, -0.0616844, -3.72529e-09, 0.342623, -0.939438, 0.18003, -0.924121, -0.337026, 0.00217386, 0.0331206, 0.00652511)

[node name="Physical Bone thighL" parent="Human_Template_Male/metarig/Skeleton3D" index="12"]
transform = Transform3D(0.995057, 0.000737056, -0.0993673, 0.0992971, 0.00395898, 0.994901, 0.0011364, -0.996461, 0.00385234, 0.12246, 0.827163, 0.0158376)
joint_offset = Transform3D(1, 0, 0, 0, 1, 0, 0, 0, 1, 0.0001597, 1.93425e-05, 0.247752)
body_offset = Transform3D(1, -4.89177e-07, -8.11542e-05, -1.00525e-07, -1.41223e-05, -0.999858, -5.37944e-06, 0.996468, 1.28015e-05, -0.000139594, 0.247717, -2.24449e-05)

[node name="Physical Bone shinL" parent="Human_Template_Male/metarig/Skeleton3D" index="13"]
transform = Transform3D(0.997615, 0.00015887, -0.0692165, 0.0691425, 0.0389614, 0.997046, 0.00285303, -1.00035, 0.0388273, 0.164105, 0.335474, 0.00517905)
joint_offset = Transform3D(1, 0, 0, 0, 1, 0, 0, 0, 1, 6.4505e-07, 2.39386e-06, 0.249713)
body_offset = Transform3D(1.00001, -1.80933e-06, -1.03168e-06, 1.27613e-06, 3.11434e-06, -1.0002, 1.54134e-07, 1.00111, -2.46242e-06, -3.8743e-07, 0.249763, -1.78162e-06)

[node name="Physical Bone footL" parent="Human_Template_Male/metarig/Skeleton3D" index="14"]
transform = Transform3D(1, 1.32655e-07, -1.77823e-07, 2.03208e-07, -0.889708, 0.456532, -1.04822e-07, -0.456532, -0.889708, 0.181649, 0.0580915, 0.0509254)
joint_offset = Transform3D(1, 0, 0, 0, 1, 0, 0, 0, 1, -0.000270025, -9.1128e-05, 0.0623567)
body_offset = Transform3D(1, 7.16227e-12, 1.05514e-08, 1.05277e-08, -1.19209e-07, -1, -3.12639e-13, 1, -1.19209e-07, 0.000270024, 0.0623567, 9.11355e-05)

[node name="Physical Bone thighR" parent="Human_Template_Male/metarig/Skeleton3D" index="15"]
transform = Transform3D(0.99505, -0.000741587, 0.0993007, -0.0992963, 0.00395738, 0.995044, -0.00113016, -0.996437, 0.00387591, -0.12241, 0.829009, 0.0158226)
joint_offset = Transform3D(1, 0, 0, 0, 1, 0, 0, 0, 1, -6.06667e-06, 2.69771e-06, 0.245877)
body_offset = Transform3D(0.999993, -3.88816e-06, 6.74232e-07, 2.61875e-08, -1.21745e-05, -0.999994, -8.57166e-07, 0.996444, -1.01563e-05, 5.90086e-06, 0.245875, -1.90921e-07)

[node name="Physical Bone shinR" parent="Human_Template_Male/metarig/Skeleton3D" index="16"]
transform = Transform3D(0.997617, -0.000154932, 0.0692275, -0.0691455, 0.0391798, 0.997557, -0.00285336, -1.00587, 0.0388869, -0.164105, 0.335528, 0.00517523)
joint_offset = Transform3D(1, 0, 0, 0, 1, 0, 0, 0, 1, 8.9744e-06, 6.33828e-06, 0.249532)
body_offset = Transform3D(1.00001, 6.3756e-06, -2.34252e-05, 1.60319e-06, -7.59959e-07, -1.00071, 6.40284e-08, 1.00663, -4.21591e-05, -3.12924e-06, 0.249709, 4.13973e-06)

[node name="Physical Bone footR" parent="Human_Template_Male/metarig/Skeleton3D" index="17"]
transform = Transform3D(1, -1.32726e-07, 1.78215e-07, -2.03209e-07, -0.889708, 0.456532, 1.0482e-07, -0.456532, -0.889708, -0.182085, 0.0581522, 0.0510103)
joint_offset = Transform3D(1, 0, 0, 0, 1, 0, 0, 0, 1, 0.000705198, 1.60931e-06, 0.0624045)
joint_rotation = Vector3(0, 0, 0)
body_offset = Transform3D(1, -7.81242e-11, -1.01594e-08, -1.05293e-08, -1.19209e-07, -1, 2.01084e-12, 1, -1.19209e-07, -0.000705197, 0.0624046, -1.60187e-06)

[node name="ProjectilePlacement" parent="Human_Template_Male" index="2"]
transform = Transform3D(1, 0, 0, 0, 0.988552, 0.150881, 0, -0.150881, 0.988552, -0.26745, 1.25401, 0.260283)

[node name="MeshInstance3D" parent="Human_Template_Male" index="3"]
transform = Transform3D(1, 0, 0, 0, 1, 0, 0, 0, 1, 0, 1.37083, 0.0243523)
mesh = SubResource("CapsuleMesh_imi2d")

[node name="AnimationTree" parent="." index="2"]
parameters/Movement/playback = SubResource("AnimationNodeStateMachinePlayback_cshco")

[node name="ProjectileTimer" parent="Timers" index="1"]
wait_time = 0.5

[editable path="Human_Template_Male"]
