[gd_scene load_steps=27 format=3 uid="uid://0h5em6sfkjjc"]

[ext_resource type="PackedScene" uid="uid://dklaxvd7swq26" path="res://Characters/Character.tscn" id="1_r08ty"]
[ext_resource type="Script" path="res://Characters/Kitchen/kitchen_dude.gd" id="2_sagpd"]
[ext_resource type="Script" path="res://Characters/Resources/character_data.gd" id="3_c1yn5"]
[ext_resource type="PackedScene" uid="uid://dwlxfwet22vsm" path="res://Projectile/Food/fast_food.tscn" id="4_jy0yt"]
[ext_resource type="PackedScene" uid="uid://b26cp4qgk870v" path="res://Characters/Kitchen/Kitchen_NPC/NPC_Kitchen_Male.glb" id="5_cyos5"]

[sub_resource type="Resource" id="Resource_n7pet"]
resource_local_to_scene = true
script = ExtResource("3_c1yn5")
Team = "Kitchen"
max_health = 100
single_fire = true
base_damage = 10
special_damage = 0
projectile_damage = 20
projectile_speed = 20.0
max_ammo = 20
move_speed = 9.0
acceleration = 0.1
gravity = 30.0
dodge_force = 15.0
punch_force = 8.0

[sub_resource type="CapsuleShape3D" id="CapsuleShape3D_wvj7k"]
radius = 0.0251324
height = 0.251324

[sub_resource type="CapsuleShape3D" id="CapsuleShape3D_ijfli"]
radius = 0.0225596
height = 0.225596

[sub_resource type="CapsuleShape3D" id="CapsuleShape3D_cu71f"]
radius = 0.0285449
height = 0.285449

[sub_resource type="CapsuleShape3D" id="CapsuleShape3D_d6xpm"]
radius = 0.031796
height = 0.31796

[sub_resource type="CapsuleShape3D" id="CapsuleShape3D_5wr51"]
radius = 0.0109241
height = 0.109241

[sub_resource type="CapsuleShape3D" id="CapsuleShape3D_btqe8"]
radius = 0.0103524
height = 0.103524

[sub_resource type="CapsuleShape3D" id="CapsuleShape3D_l7mar"]
radius = 0.033142
height = 0.33142

[sub_resource type="CapsuleShape3D" id="CapsuleShape3D_7468i"]
radius = 0.0446285
height = 0.446285

[sub_resource type="CapsuleShape3D" id="CapsuleShape3D_1n3pc"]
radius = 0.0493218
height = 0.493218

[sub_resource type="CapsuleShape3D" id="CapsuleShape3D_7exwn"]
radius = 0.033143
height = 0.33143

[sub_resource type="CapsuleShape3D" id="CapsuleShape3D_dy8jt"]
radius = 0.0446286
height = 0.446286

[sub_resource type="CapsuleShape3D" id="CapsuleShape3D_xai8i"]
radius = 0.0493218
height = 0.493218

[sub_resource type="CapsuleShape3D" id="CapsuleShape3D_fd071"]
radius = 0.0858133
height = 0.858133

[sub_resource type="CapsuleShape3D" id="CapsuleShape3D_uvjs2"]
radius = 0.0799078
height = 0.799078

[sub_resource type="CapsuleShape3D" id="CapsuleShape3D_d56ph"]
radius = 0.0219582
height = 0.219582

[sub_resource type="CapsuleShape3D" id="CapsuleShape3D_8bdw1"]
radius = 0.0858133
height = 0.858133

[sub_resource type="CapsuleShape3D" id="CapsuleShape3D_88f3m"]
radius = 0.0799078
height = 0.799078

[sub_resource type="CapsuleShape3D" id="CapsuleShape3D_2yars"]
radius = 0.0219582
height = 0.219582

[sub_resource type="SphereShape3D" id="SphereShape3D_rinjt"]
radius = 0.187252

[sub_resource type="AnimationNodeStateMachinePlayback" id="AnimationNodeStateMachinePlayback_cafs0"]

[node name="KitchenDude" instance=ExtResource("1_r08ty")]
script = ExtResource("2_sagpd")
character_stats = SubResource("Resource_n7pet")
projectile = ExtResource("4_jy0yt")

[node name="NPC_Kitchen_Male" parent="." index="1" instance=ExtResource("5_cyos5")]
transform = Transform3D(-0.6, 0, -5.24537e-08, 0, 0.6, 0, 5.24537e-08, 0, -0.6, 0, 0, 0)

[node name="Skeleton3D" parent="NPC_Kitchen_Male/Kitchen_Male" index="0"]
bones/0/position = Vector3(5.28339e-06, -0.337236, -0.507286)
bones/0/rotation = Quaternion(0.115415, -0.395018, 0.0500992, 0.910017)
bones/1/rotation = Quaternion(-0.0770285, 0.256698, -0.0394067, 0.962611)
bones/5/rotation = Quaternion(-0.0943413, 0.100049, -0.029062, 0.990073)
bones/6/rotation = Quaternion(-0.0666379, -0.0721479, 0.00171148, 0.995164)
bones/8/rotation = Quaternion(-0.0787481, 0.40422, -0.765248, 0.494772)
bones/9/rotation = Quaternion(0.675988, 0.251765, 0.21868, 0.657141)
bones/10/rotation = Quaternion(0.220691, -0.0901128, 0.0890432, 0.967082)
bones/12/rotation = Quaternion(-0.29605, -0.637341, 0.569182, 0.426829)
bones/13/rotation = Quaternion(0.62666, 0.245903, 0.480599, 0.562008)
bones/14/rotation = Quaternion(-0.0109359, -0.215798, 0.439103, 0.872067)
bones/17/rotation = Quaternion(0.935441, 0.196815, -0.0317898, 0.291896)
bones/18/rotation = Quaternion(0.230466, 0.0235546, 0.152284, 0.960802)
bones/19/rotation = Quaternion(-0.328352, -0.397119, 0.0791105, 0.85336)
bones/20/rotation = Quaternion(-0.0747838, 0.902524, -0.422139, -0.0407024)
bones/21/rotation = Quaternion(0.994107, -0.0760436, -0.008948, 0.0767322)
bones/22/rotation = Quaternion(0.133189, -0.00543048, 0.0551793, 0.989539)
bones/23/rotation = Quaternion(-0.589041, 0.0370052, -0.112365, 0.799397)
bones/24/rotation = Quaternion(0.0481281, 0.972517, -0.184381, -0.133785)

[node name="Physical Bone Hips" type="PhysicalBone3D" parent="NPC_Kitchen_Male/Kitchen_Male/Skeleton3D" index="1"]
transform = Transform3D(0.682899, -0.707381, 0.182364, -3.07409e-05, -0.249639, -0.968337, 0.730508, 0.66128, -0.170479, -0.022911, -0.215607, -0.485615)
collision_layer = 8
collision_mask = 9
joint_type = 3
joint_offset = Transform3D(1, 0, 0, 0, 1, 0, 0, 0, 1, -0.000181388, -0.000177804, 0.125652)
body_offset = Transform3D(0.999997, -2.98023e-08, -3.72529e-08, -2.97949e-05, 2.23517e-08, -0.999998, 8.52346e-06, 0.999999, 3.72529e-08, 0.000181392, 0.125652, 0.000177801)
bounce = 0.84
angular_damp = 10.0
bone_name = "Hips"
joint_constraints/angular_limit_enabled = true
joint_constraints/angular_limit_upper = 40.0
joint_constraints/angular_limit_lower = -40.0
joint_constraints/angular_limit_bias = 0.3
joint_constraints/angular_limit_softness = 0.9
joint_constraints/angular_limit_relaxation = 1.0

[node name="CollisionShape3D" type="CollisionShape3D" parent="NPC_Kitchen_Male/Kitchen_Male/Skeleton3D/Physical Bone Hips" index="0"]
transform = Transform3D(1, 0, 0, 0, 0, 1, 0, -1, 0, 0, 0, 0)
shape = SubResource("CapsuleShape3D_wvj7k")

[node name="Physical Bone spine001" type="PhysicalBone3D" parent="NPC_Kitchen_Male/Kitchen_Male/Skeleton3D" index="2"]
transform = Transform3D(0.956682, -0.287392, 0.0355924, 0.0100926, -0.0897131, -0.99514, 0.289419, 0.95286, -0.0829778, -0.0498248, 0.0183921, -0.454868)
collision_layer = 8
collision_mask = 9
joint_type = 3
joint_offset = Transform3D(1, 0, 0, 0, 1, 0, 0, 0, 1, -7.82636e-05, -0.000196947, 0.112826)
body_offset = Transform3D(0.999553, -0.000120223, -4.75533e-06, 3.59118e-06, -9.16421e-06, -0.999228, 4.77433e-05, 0.999292, -2.72319e-05, 7.87415e-05, 0.112739, 0.000199884)
bounce = 0.84
angular_damp = 10.0
bone_name = "spine.001"
joint_constraints/angular_limit_enabled = true
joint_constraints/angular_limit_upper = 40.0
joint_constraints/angular_limit_lower = -40.0
joint_constraints/angular_limit_bias = 0.3
joint_constraints/angular_limit_softness = 0.9
joint_constraints/angular_limit_relaxation = 1.0

[node name="CollisionShape3D" type="CollisionShape3D" parent="NPC_Kitchen_Male/Kitchen_Male/Skeleton3D/Physical Bone spine001" index="0"]
transform = Transform3D(1, 0, 0, 0, 0, 1, 0, -1, 0, 0, 0, 0)
shape = SubResource("CapsuleShape3D_ijfli")

[node name="Physical Bone spine002" type="PhysicalBone3D" parent="NPC_Kitchen_Male/Kitchen_Male/Skeleton3D" index="3"]
transform = Transform3D(0.956553, -0.289425, -0.00920807, 0.0100941, 0.0650962, -0.997031, 0.289398, 0.954244, 0.0652212, -0.052531, 0.272296, -0.454786)
collision_layer = 8
collision_mask = 9
joint_type = 3
joint_offset = Transform3D(1, 0, 0, 0, 1, 0, 0, 0, 1, -7.64545e-05, -0.000167491, 0.141901)
body_offset = Transform3D(0.999423, -0.000101447, 5.96046e-07, -2.14018e-06, 1.01328e-06, -0.999205, 6.48499e-05, 0.999293, 3.72529e-09, 7.63088e-05, 0.141788, 0.000167377)
bounce = 0.84
angular_damp = 10.0
bone_name = "spine.002"
joint_constraints/angular_limit_enabled = true
joint_constraints/angular_limit_upper = 40.0
joint_constraints/angular_limit_lower = -40.0
joint_constraints/angular_limit_bias = 0.3
joint_constraints/angular_limit_softness = 0.9
joint_constraints/angular_limit_relaxation = 1.0

[node name="CollisionShape3D" type="CollisionShape3D" parent="NPC_Kitchen_Male/Kitchen_Male/Skeleton3D/Physical Bone spine002" index="0"]
transform = Transform3D(1, 0, 0, 0, 0, 1, 0, -1, 0, 0, 0, 0)
shape = SubResource("CapsuleShape3D_cu71f")

[node name="Physical Bone Chest" type="PhysicalBone3D" parent="NPC_Kitchen_Male/Kitchen_Male/Skeleton3D" index="4"]
transform = Transform3D(0.956602, -0.289469, -0.00826817, 0.0100954, 0.0618526, -0.997405, 0.289427, 0.954509, 0.0621259, -0.0498968, 0.573501, -0.473987)
collision_layer = 8
collision_mask = 9
joint_type = 3
joint_offset = Transform3D(1, 0, 0, 0, 1, 0, 0, 0, 1, -8.01953e-05, -0.00017462, 0.158267)
body_offset = Transform3D(0.999479, -0.000100285, 3.37139e-07, -2.08989e-06, -9.79751e-07, -0.999373, 7.86483e-05, 0.999353, 4.09782e-08, 8.00826e-05, 0.158168, 0.000174507)
bounce = 0.84
angular_damp = 10.0
bone_name = "Chest"
joint_constraints/angular_limit_enabled = true
joint_constraints/angular_limit_upper = 40.0
joint_constraints/angular_limit_lower = -40.0
joint_constraints/angular_limit_bias = 0.3
joint_constraints/angular_limit_softness = 0.9
joint_constraints/angular_limit_relaxation = 1.0

[node name="CollisionShape3D" type="CollisionShape3D" parent="NPC_Kitchen_Male/Kitchen_Male/Skeleton3D/Physical Bone Chest" index="0"]
transform = Transform3D(1, 0, 0, 0, 0, 1, 0, -1, 0, 0, 0, 0)
shape = SubResource("CapsuleShape3D_d6xpm")

[node name="Physical Bone spine004" type="PhysicalBone3D" parent="NPC_Kitchen_Male/Kitchen_Male/Skeleton3D" index="5"]
transform = Transform3D(0.956667, -0.26915, 0.106768, 0.0100926, -0.337313, -0.940647, 0.289415, 0.901494, -0.32013, -0.0544205, 0.783435, -0.466362)
collision_layer = 8
collision_mask = 9
joint_type = 3
joint_offset = Transform3D(1, 0, 0, 0, 1, 0, 0, 0, 1, -7.85995e-05, -0.000541595, 0.0538461)
body_offset = Transform3D(0.999537, -3.12924e-05, 1.3046e-05, 1.58176e-05, 5.17368e-05, -0.99935, 4.57764e-05, 0.999457, 1.2815e-05, 7.78437e-05, 0.0538111, 0.000540614)
bounce = 0.84
angular_damp = 10.0
bone_name = "spine.004"
joint_constraints/angular_limit_enabled = true
joint_constraints/angular_limit_upper = 40.0
joint_constraints/angular_limit_lower = -40.0
joint_constraints/angular_limit_bias = 0.3
joint_constraints/angular_limit_softness = 0.9
joint_constraints/angular_limit_relaxation = 1.0

[node name="CollisionShape3D" type="CollisionShape3D" parent="NPC_Kitchen_Male/Kitchen_Male/Skeleton3D/Physical Bone spine004" index="0"]
transform = Transform3D(1, 0, 0, 0, 0, 1, 0, -1, 0, 0, 0, 0)
shape = SubResource("CapsuleShape3D_5wr51")

[node name="Physical Bone spine005" type="PhysicalBone3D" parent="NPC_Kitchen_Male/Kitchen_Male/Skeleton3D" index="6"]
transform = Transform3D(0.995979, -0.0834735, 0.0158586, 0.00296311, -0.152289, -0.987598, 0.0849594, 0.984043, -0.151483, -0.0610628, 0.886302, -0.441027)
collision_layer = 8
collision_mask = 9
joint_type = 3
joint_offset = Transform3D(1, 0, 0, 0, 1, 0, 0, 0, 1, -4.8027e-05, -0.000333807, 0.0511966)
body_offset = Transform3D(0.999601, 1.03563e-05, -8.77306e-07, 5.1409e-07, -4.29153e-05, -0.999274, 4.03821e-06, 0.99925, -3.12477e-05, 4.80562e-05, 0.0511594, 0.000335157)
bounce = 0.84
angular_damp = 10.0
bone_name = "spine.005"
joint_constraints/angular_limit_enabled = true
joint_constraints/angular_limit_upper = 40.0
joint_constraints/angular_limit_lower = -40.0
joint_constraints/angular_limit_bias = 0.3
joint_constraints/angular_limit_softness = 0.9
joint_constraints/angular_limit_relaxation = 1.0

[node name="CollisionShape3D" type="CollisionShape3D" parent="NPC_Kitchen_Male/Kitchen_Male/Skeleton3D/Physical Bone spine005" index="0"]
transform = Transform3D(1, 0, 0, 0, 0, 1, 0, -1, 0, 0, 0, 0)
shape = SubResource("CapsuleShape3D_btqe8")

[node name="Physical Bone shoulderL" type="PhysicalBone3D" parent="NPC_Kitchen_Male/Kitchen_Male/Skeleton3D" index="7"]
transform = Transform3D(-0.0149227, 0.0830208, -0.99601, 0.996226, -0.0768986, -0.0213421, -0.0783919, -0.992986, -0.0816308, 0.107216, 0.652754, -0.332481)
collision_layer = 8
collision_mask = 9
joint_type = 3
joint_offset = Transform3D(1, 0, 0, 0, 1, 0, 0, 0, 1, 0.000851334, 0.000202811, 0.16573)
body_offset = Transform3D(-0.0458577, -0.962043, -0.266881, 2.03867e-06, 0.267109, -0.963213, 0.998365, -0.0441951, -0.0122559, 0.0444643, 0.159579, 0.00119019)
bounce = 0.84
angular_damp = 10.0
bone_name = "shoulder.L"
joint_constraints/angular_limit_enabled = true
joint_constraints/angular_limit_upper = 40.0
joint_constraints/angular_limit_lower = -40.0
joint_constraints/angular_limit_bias = 0.3
joint_constraints/angular_limit_softness = 0.9
joint_constraints/angular_limit_relaxation = 1.0

[node name="CollisionShape3D" type="CollisionShape3D" parent="NPC_Kitchen_Male/Kitchen_Male/Skeleton3D/Physical Bone shoulderL" index="0"]
transform = Transform3D(1, 0, 0, 0, 0, 1, 0, -1, 0, 0, 0, 0)
shape = SubResource("CapsuleShape3D_l7mar")

[node name="Physical Bone upper_armL" type="PhysicalBone3D" parent="NPC_Kitchen_Male/Kitchen_Male/Skeleton3D" index="8"]
transform = Transform3D(-0.897461, -0.438084, 0.0464227, -0.29616, 0.677827, 0.672398, -0.32621, 0.589583, -0.738349, 0.261599, 0.50642, -0.154173)
collision_layer = 8
collision_mask = 9
joint_type = 3
joint_offset = Transform3D(1, 0, 0, 0, 1, 0, 0, 0, 1, -0.000487397, 8.55022e-05, 0.22383)
body_offset = Transform3D(0.99978, 0.00011535, -2.5779e-05, -8.22395e-05, -0.000117958, -0.999717, -2.51979e-05, 0.999488, -2.65241e-06, 0.00049305, 0.223767, -8.4877e-05)
bounce = 0.84
angular_damp = 10.0
bone_name = "upper_arm.L"
joint_constraints/angular_limit_enabled = true
joint_constraints/angular_limit_upper = 40.0
joint_constraints/angular_limit_lower = -40.0
joint_constraints/angular_limit_bias = 0.3
joint_constraints/angular_limit_softness = 0.9
joint_constraints/angular_limit_relaxation = 1.0

[node name="CollisionShape3D" type="CollisionShape3D" parent="NPC_Kitchen_Male/Kitchen_Male/Skeleton3D/Physical Bone upper_armL" index="0"]
transform = Transform3D(1, 0, 0, 0, 0, 1, 0, -1, 0, 0, 0, 0)
shape = SubResource("CapsuleShape3D_7468i")

[node name="Physical Bone forearmL" type="PhysicalBone3D" parent="NPC_Kitchen_Male/Kitchen_Male/Skeleton3D" index="9"]
transform = Transform3D(-0.711452, -0.508185, 0.484579, -0.676272, 0.31015, -0.667616, 0.189133, -0.803037, -0.564538, 0.132098, 0.521048, 0.149583)
collision_layer = 8
collision_mask = 9
joint_type = 3
joint_offset = Transform3D(1, 0, 0, 0, 1, 0, 0, 0, 1, -0.000426588, 0.000117519, 0.246266)
body_offset = Transform3D(0.99964, -8.40276e-05, -5.40838e-05, -1.66222e-05, -0.000112563, -0.999616, 6.13928e-06, 0.999657, -8.50558e-05, 0.000439763, 0.246171, -9.65297e-05)
bounce = 0.84
angular_damp = 10.0
bone_name = "forearm.L"
joint_constraints/angular_limit_enabled = true
joint_constraints/angular_limit_upper = 40.0
joint_constraints/angular_limit_lower = -40.0
joint_constraints/angular_limit_bias = 0.3
joint_constraints/angular_limit_softness = 0.9
joint_constraints/angular_limit_relaxation = 1.0

[node name="CollisionShape3D" type="CollisionShape3D" parent="NPC_Kitchen_Male/Kitchen_Male/Skeleton3D/Physical Bone forearmL" index="0"]
transform = Transform3D(1, 0, 0, 0, 0, 1, 0, -1, 0, 0, 0, 0)
shape = SubResource("CapsuleShape3D_1n3pc")

[node name="Physical Bone shoulderR" type="PhysicalBone3D" parent="NPC_Kitchen_Male/Kitchen_Male/Skeleton3D" index="10"]
transform = Transform3D(-0.0366079, 0.482512, 0.872701, -0.99675, -0.0726648, -0.00161671, 0.0628221, -0.871603, 0.483668, -0.260661, 0.648919, -0.443904)
collision_layer = 8
collision_mask = 9
joint_type = 3
joint_offset = Transform3D(1, 0, 0, 0, 1, 0, 0, 0, 1, -0.000801284, 0.000131088, 0.166016)
body_offset = Transform3D(-0.0458715, 0.961569, 0.265946, -1.01365e-05, 0.266877, -0.961596, -0.998346, -0.0441934, -0.0122587, -0.044314, 0.159605, 0.00124097)
bounce = 0.84
angular_damp = 10.0
bone_name = "shoulder.R"
joint_constraints/angular_limit_enabled = true
joint_constraints/angular_limit_upper = 40.0
joint_constraints/angular_limit_lower = -40.0
joint_constraints/angular_limit_bias = 0.3
joint_constraints/angular_limit_softness = 0.9
joint_constraints/angular_limit_relaxation = 1.0

[node name="CollisionShape3D" type="CollisionShape3D" parent="NPC_Kitchen_Male/Kitchen_Male/Skeleton3D/Physical Bone shoulderR" index="0"]
transform = Transform3D(1, 0, 0, 0, 0, 1, 0, -1, 0, 0, 0, 0)
shape = SubResource("CapsuleShape3D_7exwn")

[node name="Physical Bone upper_armR" type="PhysicalBone3D" parent="NPC_Kitchen_Male/Kitchen_Male/Skeleton3D" index="11"]
transform = Transform3D(-0.937323, -0.279222, 0.206535, 0.202823, 0.0424339, 0.977848, -0.281996, 0.958906, 0.0168862, -0.451697, 0.431034, -0.5279)
collision_layer = 8
collision_mask = 9
joint_type = 3
joint_offset = Transform3D(1, 0, 0, 0, 1, 0, 0, 0, 1, 0.000228297, -0.000134218, 0.223856)
body_offset = Transform3D(0.999617, 3.75509e-05, -4.80949e-05, -2.65236e-05, 4.46253e-05, -0.999565, -0.000117809, 0.999633, 6.15548e-05, -0.000217438, 0.223759, 0.000120416)
bounce = 0.84
angular_damp = 10.0
bone_name = "upper_arm.R"
joint_constraints/angular_limit_enabled = true
joint_constraints/angular_limit_upper = 40.0
joint_constraints/angular_limit_lower = -40.0
joint_constraints/angular_limit_bias = 0.3
joint_constraints/angular_limit_softness = 0.9
joint_constraints/angular_limit_relaxation = 1.0

[node name="CollisionShape3D" type="CollisionShape3D" parent="NPC_Kitchen_Male/Kitchen_Male/Skeleton3D/Physical Bone upper_armR" index="0"]
transform = Transform3D(1, 0, 0, 0, 0, 1, 0, -1, 0, 0, 0, 0)
shape = SubResource("CapsuleShape3D_dy8jt")

[node name="Physical Bone forearmR" type="PhysicalBone3D" parent="NPC_Kitchen_Male/Kitchen_Male/Skeleton3D" index="12"]
transform = Transform3D(-0.65713, -0.753117, -0.00577871, -0.731141, 0.639824, -0.234777, 0.180632, -0.150025, -0.971573, -0.496267, 0.270717, -0.292079)
collision_layer = 8
collision_mask = 9
joint_type = 3
joint_offset = Transform3D(1, 0, 0, 0, 1, 0, 0, 0, 1, -0.000338492, 0.000491924, 0.246617)
body_offset = Transform3D(0.999508, -2.11038e-05, -9.94951e-05, -5.49704e-05, -7.43568e-06, -0.999554, 1.61286e-05, 0.999534, -0.000111461, 0.000362873, 0.246507, -0.000464201)
bounce = 0.84
angular_damp = 10.0
bone_name = "forearm.R"
joint_constraints/angular_limit_enabled = true
joint_constraints/angular_limit_upper = 40.0
joint_constraints/angular_limit_lower = -40.0
joint_constraints/angular_limit_bias = 0.3
joint_constraints/angular_limit_softness = 0.9
joint_constraints/angular_limit_relaxation = 1.0

[node name="CollisionShape3D" type="CollisionShape3D" parent="NPC_Kitchen_Male/Kitchen_Male/Skeleton3D/Physical Bone forearmR" index="0"]
transform = Transform3D(1, 0, 0, 0, 0, 1, 0, -1, 0, 0, 0, 0)
shape = SubResource("CapsuleShape3D_xai8i")

[node name="Physical Bone Left_Thigh" type="PhysicalBone3D" parent="NPC_Kitchen_Male/Kitchen_Male/Skeleton3D" index="13"]
transform = Transform3D(0.687831, 0.724943, -0.0238465, 0.381838, -0.334167, 0.86107, 0.616361, -0.60162, -0.506774, 0.0269407, -0.596979, -0.0835513)
collision_layer = 8
collision_mask = 9
joint_type = 3
joint_offset = Transform3D(1, 0, 0, 0, 1, 0, 0, 0, 1, -0.000152406, 0.000199261, 0.429516)
body_offset = Transform3D(0.999406, 0.000171006, 7.28369e-05, 4.1604e-05, 4.37796e-05, -0.999415, 5.43594e-05, 0.999577, -9.87351e-05, 0.000120997, 0.429265, -0.00015676)
bounce = 0.84
angular_damp = 10.0
bone_name = "Left_Thigh"
joint_constraints/angular_limit_enabled = true
joint_constraints/angular_limit_upper = 40.0
joint_constraints/angular_limit_lower = -40.0
joint_constraints/angular_limit_bias = 0.3
joint_constraints/angular_limit_softness = 0.9
joint_constraints/angular_limit_relaxation = 1.0

[node name="CollisionShape3D" type="CollisionShape3D" parent="NPC_Kitchen_Male/Kitchen_Male/Skeleton3D/Physical Bone Left_Thigh" index="0"]
transform = Transform3D(1, 0, 0, 0, 0, 1, 0, -1, 0, 0, 0, 0)
shape = SubResource("CapsuleShape3D_fd071")

[node name="Physical Bone shinL" type="PhysicalBone3D" parent="NPC_Kitchen_Male/Kitchen_Male/Skeleton3D" index="14"]
transform = Transform3D(0.680406, 0.716063, -0.152533, 0.0941235, 0.12095, 0.987554, 0.726108, -0.686649, 0.0148173, 0.0981006, -1.36083, 0.127774)
collision_layer = 8
collision_mask = 9
joint_type = 3
joint_offset = Transform3D(1, 0, 0, 0, 1, 0, 0, 0, 1, 6.84359e-05, -7.53243e-05, 0.399248)
body_offset = Transform3D(0.999522, 0.00015083, -7.82926e-05, -5.07943e-06, 1.75182e-05, -0.999374, -0.000134349, 0.99943, 6.56014e-05, -3.71337e-05, 0.398998, 4.90993e-05)
bounce = 0.84
angular_damp = 10.0
bone_name = "shin.L"
joint_constraints/angular_limit_enabled = true
joint_constraints/angular_limit_upper = 40.0
joint_constraints/angular_limit_lower = -40.0
joint_constraints/angular_limit_bias = 0.3
joint_constraints/angular_limit_softness = 0.9
joint_constraints/angular_limit_relaxation = 1.0

[node name="CollisionShape3D" type="CollisionShape3D" parent="NPC_Kitchen_Male/Kitchen_Male/Skeleton3D/Physical Bone shinL" index="0"]
transform = Transform3D(1, 0, 0, 0, 0, 1, 0, -1, 0, 0, 0, 0)
shape = SubResource("CapsuleShape3D_uvjs2")

[node name="Physical Bone footL" type="PhysicalBone3D" parent="NPC_Kitchen_Male/Kitchen_Male/Skeleton3D" index="15"]
transform = Transform3D(0.965609, -0.0848836, 0.242841, -0.251935, -0.503415, 0.825845, 0.0521478, -0.859299, -0.507789, 0.132444, -1.84633, 0.177717)
collision_layer = 8
collision_mask = 9
joint_type = 3
joint_offset = Transform3D(1, 0, 0, 0, 1, 0, 0, 0, 1, 0.000169783, 0.00034835, 0.109425)
body_offset = Transform3D(0.999295, 2.60398e-06, -5.77345e-05, -7.03149e-06, 2.5034e-06, -0.999421, 4.95091e-05, 0.999513, -1.0699e-05, -0.000163347, 0.109362, -0.000347018)
bounce = 0.84
angular_damp = 10.0
bone_name = "foot.L"
joint_constraints/angular_limit_enabled = true
joint_constraints/angular_limit_upper = 40.0
joint_constraints/angular_limit_lower = -40.0
joint_constraints/angular_limit_bias = 0.3
joint_constraints/angular_limit_softness = 0.9
joint_constraints/angular_limit_relaxation = 1.0

[node name="CollisionShape3D" type="CollisionShape3D" parent="NPC_Kitchen_Male/Kitchen_Male/Skeleton3D/Physical Bone footL" index="0"]
transform = Transform3D(1, 0, 0, 0, 0, 1, 0, -1, 0, 0, 0, 0)
shape = SubResource("CapsuleShape3D_d56ph")

[node name="Physical Bone Right_Thigh" type="PhysicalBone3D" parent="NPC_Kitchen_Male/Kitchen_Male/Skeleton3D" index="16"]
transform = Transform3D(0.706571, 0.706085, 0.0330654, -0.146129, 0.10018, 0.983491, 0.691604, -0.700181, 0.174057, -0.218418, -0.64938, -0.612435)
collision_layer = 8
collision_mask = 9
joint_type = 3
joint_offset = Transform3D(1, 0, 0, 0, 1, 0, 0, 0, 1, -0.000102322, 5.2229e-05, 0.429184)
body_offset = Transform3D(0.999456, 0.000140935, 1.45286e-05, -1.02818e-05, -1.10492e-05, -0.999321, -0.000129431, 0.999421, -9.33558e-06, 9.60231e-05, 0.428893, -4.82053e-05)
bounce = 0.84
angular_damp = 10.0
bone_name = "Right_Thigh"
joint_constraints/angular_limit_enabled = true
joint_constraints/angular_limit_upper = 40.0
joint_constraints/angular_limit_lower = -40.0
joint_constraints/angular_limit_bias = 0.3
joint_constraints/angular_limit_softness = 0.9
joint_constraints/angular_limit_relaxation = 1.0

[node name="CollisionShape3D" type="CollisionShape3D" parent="NPC_Kitchen_Male/Kitchen_Male/Skeleton3D/Physical Bone Right_Thigh" index="0"]
transform = Transform3D(1, 0, 0, 0, 0, 1, 0, -1, 0, 0, 0, 0)
shape = SubResource("CapsuleShape3D_8bdw1")

[node name="Physical Bone shinR" type="PhysicalBone3D" parent="NPC_Kitchen_Male/Kitchen_Male/Skeleton3D" index="17"]
transform = Transform3D(0.716696, 0.692577, -0.0757876, -0.248671, 0.355958, 0.900245, 0.650757, -0.626623, 0.427501, -0.202182, -1.43121, -0.857887)
collision_layer = 8
collision_mask = 9
joint_type = 3
joint_offset = Transform3D(1, 0, 0, 0, 1, 0, 0, 0, 1, -0.000204822, -9.92558e-05, 0.39922)
body_offset = Transform3D(0.999487, 0.000132918, -1.57058e-05, -3.35574e-05, -5.75483e-05, -0.999471, -6.12736e-05, 0.999511, 2.20537e-05, 0.000211, 0.399009, 9.03904e-05)
bounce = 0.84
angular_damp = 10.0
bone_name = "shin.R"
joint_constraints/angular_limit_enabled = true
joint_constraints/angular_limit_upper = 40.0
joint_constraints/angular_limit_lower = -40.0
joint_constraints/angular_limit_bias = 0.3
joint_constraints/angular_limit_softness = 0.9
joint_constraints/angular_limit_relaxation = 1.0

[node name="CollisionShape3D" type="CollisionShape3D" parent="NPC_Kitchen_Male/Kitchen_Male/Skeleton3D/Physical Bone shinR" index="0"]
transform = Transform3D(1, 0, 0, 0, 0, 1, 0, -1, 0, 0, 0, 0)
shape = SubResource("CapsuleShape3D_88f3m")

[node name="Physical Bone footR" type="PhysicalBone3D" parent="NPC_Kitchen_Male/Kitchen_Male/Skeleton3D" index="18"]
transform = Transform3D(0.730234, 0.418153, 0.539092, -0.0146781, -0.779955, 0.624752, 0.682107, -0.464473, -0.563744, -0.231241, -1.85947, -0.96656)
collision_layer = 8
collision_mask = 9
joint_type = 3
joint_offset = Transform3D(1, 0, 0, 0, 1, 0, 0, 0, 1, -0.000432702, 0.00081509, 0.109737)
body_offset = Transform3D(0.999363, 0.000101596, 0.000105113, 0.00014624, -3.18885e-05, -0.99937, -0.000124365, 0.999458, -4.44949e-05, 0.000420809, 0.109668, -0.000809819)
bounce = 0.84
angular_damp = 10.0
bone_name = "foot.R"
joint_constraints/angular_limit_enabled = true
joint_constraints/angular_limit_upper = 40.0
joint_constraints/angular_limit_lower = -40.0
joint_constraints/angular_limit_bias = 0.3
joint_constraints/angular_limit_softness = 0.9
joint_constraints/angular_limit_relaxation = 1.0

[node name="CollisionShape3D" type="CollisionShape3D" parent="NPC_Kitchen_Male/Kitchen_Male/Skeleton3D/Physical Bone footR" index="0"]
transform = Transform3D(1, 0, 0, 0, 0, 1, 0, -1, 0, 0, 0, 0)
shape = SubResource("CapsuleShape3D_2yars")

[node name="LeftHookAttachment" type="BoneAttachment3D" parent="NPC_Kitchen_Male/Kitchen_Male/Skeleton3D" index="19"]

[node name="LeftHook" type="Area3D" parent="NPC_Kitchen_Male/Kitchen_Male/Skeleton3D/LeftHookAttachment" index="0"]
transform = Transform3D(-0.614473, 0.661211, -0.430374, 0.0344843, 0.5675, 0.82265, 0.788183, 0.490655, -0.371515, -0.24871, 0.540538, 0.130287)

[node name="CollisionShape3D" type="CollisionShape3D" parent="NPC_Kitchen_Male/Kitchen_Male/Skeleton3D/LeftHookAttachment/LeftHook" index="0"]
shape = SubResource("SphereShape3D_rinjt")

[node name="RightHookAttachment" type="BoneAttachment3D" parent="NPC_Kitchen_Male/Kitchen_Male/Skeleton3D" index="20"]
transform = Transform3D(-0.614474, 0.661211, -0.430373, 0.0344852, 0.5675, 0.82265, 0.788182, 0.490656, -0.371516, -0.494915, 0.329228, -0.05241)
bone_name = "hand.R"
bone_idx = 14

[node name="RightHook" type="Area3D" parent="NPC_Kitchen_Male/Kitchen_Male/Skeleton3D/RightHookAttachment" index="0"]
transform = Transform3D(1, 2.98023e-08, -5.96046e-08, 0, 1, -1.49012e-08, -5.96046e-08, 2.98023e-08, 1, 5.96046e-08, 0.372354, -2.38419e-07)

[node name="CollisionShape3D" type="CollisionShape3D" parent="NPC_Kitchen_Male/Kitchen_Male/Skeleton3D/RightHookAttachment/RightHook" index="0"]
shape = SubResource("SphereShape3D_rinjt")

[node name="NPC_Meat_Female2" parent="." index="3"]
visible = false

[node name="Physical Bone Hips" parent="NPC_Meat_Female2/Meat_Female/Skeleton3D" index="1"]
transform = Transform3D(0.682858, -0.707372, 0.181374, -5.05034e-06, -0.249629, -0.962694, 0.730471, 0.661258, -0.169408, -0.0226497, -0.211402, -0.518022)
joint_offset = Transform3D(1, 0, 0, 0, 1, 0, 0, 0, 1, -0.00262116, -0.00213675, 0.126442)
body_offset = Transform3D(0.999941, -9.92417e-06, 0.000106692, -3.72529e-06, 4.448e-06, -0.994171, 6.73532e-06, 0.999976, -4.47035e-07, 0.00260749, 0.125705, 0.00213677)

[node name="Physical Bone spine001" parent="NPC_Meat_Female2/Meat_Female/Skeleton3D" index="2"]
transform = Transform3D(0.951797, -0.286154, 0.035271, 0.0158625, -0.0699855, -0.987257, 0.288139, 0.946075, -0.0625446, -0.0496232, 0.023392, -0.489966)
joint_offset = Transform3D(1, 0, 0, 0, 1, 0, 0, 0, 1, -0.00104395, -0.00265592, 0.114244)

[node name="Physical Bone spine002" parent="NPC_Meat_Female2/Meat_Female/Skeleton3D" index="3"]
transform = Transform3D(0.951794, -0.287954, -0.0090956, 0.0158707, 0.08351, -0.985136, 0.287852, 0.942963, 0.0843744, -0.0523358, 0.269411, -0.494954)
joint_offset = Transform3D(1, 0, 0, 0, 1, 0, 0, 0, 1, -0.000929567, -0.00205087, 0.13546)
body_offset = Transform3D(0.994496, -0.00154465, 8.14162e-06, 1.28243e-05, 5.84722e-05, -0.988785, 0.000224799, 0.989479, -3.01376e-05, 0.00092018, 0.133941, 0.00203358)

[node name="Physical Bone Chest" parent="NPC_Meat_Female2/Meat_Female/Skeleton3D" index="4"]
transform = Transform3D(0.953115, -0.288429, -0.00819879, 0.0158786, 0.0803596, -0.987532, 0.28819, 0.944612, 0.0815077, -0.0496346, 0.57218, -0.520327)
joint_offset = Transform3D(1, 0, 0, 0, 1, 0, 0, 0, 1, -0.00099606, -0.00212508, 0.153736)

[node name="Physical Bone spine004" parent="NPC_Meat_Female2/Meat_Female/Skeleton3D" index="5"]
transform = Transform3D(0.950357, -0.267718, 0.105921, 0.0158418, -0.315982, -0.939103, 0.288021, 0.900613, -0.298182, -0.0540743, 0.777656, -0.516604)
joint_offset = Transform3D(1, 0, 0, 0, 1, 0, 0, 0, 1, -0.00110962, -0.00642641, 0.0453872)

[node name="Physical Bone spine005" parent="NPC_Meat_Female2/Meat_Female/Skeleton3D" index="6"]
transform = Transform3D(0.991529, -0.0820583, 0.0157139, 0.00466263, -0.130914, -0.979052, 0.0845379, 0.974667, -0.130446, -0.0608045, 0.884435, -0.492931)
joint_offset = Transform3D(0.999999, 0, 0, 0, 0.999999, 0, 0, 0, 0.999999, -0.000557037, -0.00453911, 0.0454259)

[node name="Physical Bone shoulderL" parent="NPC_Meat_Female2/Meat_Female/Skeleton3D" index="7"]
transform = Transform3D(-0.0148178, 0.0829543, -0.988629, 0.988559, -0.0963553, -0.0228898, -0.0978829, -0.985184, -0.081139, 0.106638, 0.648485, -0.37946)
joint_offset = Transform3D(1, 0, 0, 0, 1, 0, 0, 0, 1, 0.0126416, 0.00260912, 0.166406)

[node name="Physical Bone upper_armL" parent="NPC_Meat_Female2/Meat_Female/Skeleton3D" index="8"]
transform = Transform3D(-0.897295, -0.432653, 0.03289, -0.313416, 0.696439, 0.638168, -0.301365, 0.561095, -0.764238, 0.259481, 0.513891, -0.194864)
joint_offset = Transform3D(1, 0, 0, 0, 1, 0, 0, 0, 1, -0.00627933, 0.000826585, 0.23208)

[node name="Physical Bone forearmL" parent="NPC_Meat_Female2/Meat_Female/Skeleton3D" index="9"]
transform = Transform3D(-0.67486, -0.527297, 0.506086, -0.694476, 0.2486, -0.667412, 0.228278, -0.806943, -0.536946, 0.131213, 0.534517, 0.104765)
joint_offset = Transform3D(1, 0, 0, 0, 1, 0, 0, 0, 1, -0.00732723, 0.00108407, 0.241453)

[node name="Physical Bone shoulderR" parent="NPC_Meat_Female2/Meat_Female/Skeleton3D" index="10"]
transform = Transform3D(-0.0363745, 0.476327, 0.858481, -0.98744, -0.0892493, 0.00786323, 0.0824554, -0.857515, 0.476179, -0.260704, 0.647738, -0.492637)
joint_offset = Transform3D(1, 0, 0, 0, 1, 0, 0, 0, 1, -0.00709468, 0.00117739, 0.16797)

[node name="Physical Bone upper_armR" parent="NPC_Meat_Female2/Meat_Female/Skeleton3D" index="11"]
transform = Transform3D(-0.931668, -0.287252, 0.199834, 0.198458, 0.0346318, 0.973873, -0.289018, 0.952109, 0.0253155, -0.450045, 0.426138, -0.577808)
joint_offset = Transform3D(1, 0, 0, 0, 1, 0, 0, 0, 1, 0.00289934, -0.0021102, 0.232697)

[node name="Physical Bone forearmR" parent="NPC_Meat_Female2/Meat_Female/Skeleton3D" index="12"]
transform = Transform3D(-0.647976, -0.753211, 0.0179527, -0.741356, 0.632535, -0.194218, 0.135221, -0.139909, -0.974735, -0.498691, 0.257421, -0.343566)
joint_offset = Transform3D(1, 0, 0, 0, 1, 0, 0, 0, 1, -0.00462539, 0.00523727, 0.247015)

[node name="Physical Bone Left_Thigh" parent="NPC_Meat_Female2/Meat_Female/Skeleton3D" index="13"]
transform = Transform3D(0.68369, 0.722741, -0.023886, 0.354923, -0.309125, 0.875009, 0.626011, -0.609382, -0.469254, 0.0264444, -0.60085, -0.130332)
joint_offset = Transform3D(1, 0, 0, 0, 1, 0, 0, 0, 1, -0.00195939, 0.00276778, 0.434032)

[node name="Physical Bone shinL" parent="NPC_Meat_Female2/Meat_Female/Skeleton3D" index="14"]
transform = Transform3D(0.675237, 0.709945, -0.151208, 0.132886, 0.0825505, 0.97859, 0.716688, -0.683438, -0.0392979, 0.0969459, -1.36567, 0.0843123)
joint_offset = Transform3D(1, 0, 0, 0, 1, 0, 0, 0, 1, 0.000787785, -0.000554727, 0.396065)

[node name="Physical Bone footL" parent="NPC_Meat_Female2/Meat_Female/Skeleton3D" index="15"]
transform = Transform3D(0.959109, -0.0853555, 0.240496, -0.248877, -0.528802, 0.803161, 0.0592172, -0.836834, -0.532348, 0.132097, -1.84923, 0.160375)
joint_offset = Transform3D(1, 0, 0, 0, 1, 0, 0, 0, 1, 0.00211112, 0.00395979, 0.105489)

[node name="Physical Bone Right_Thigh" parent="NPC_Meat_Female2/Meat_Female/Skeleton3D" index="16"]
transform = Transform3D(0.699824, 0.702607, 0.0327212, -0.0577481, 0.0115547, 0.989133, 0.700726, -0.700958, 0.0491555, -0.218156, -0.648644, -0.592788)
joint_offset = Transform3D(1, 0, 0, 0, 1, 0, 0, 0, 1, -0.00135795, 0.00107326, 0.430614)

[node name="Physical Bone shinR" parent="NPC_Meat_Female2/Meat_Female/Skeleton3D" index="17"]
transform = Transform3D(0.711974, 0.689551, -0.0751537, -0.163976, 0.273314, 0.941262, 0.673435, -0.660841, 0.308944, -0.200037, -1.45188, -0.73692)
joint_offset = Transform3D(1, 0, 0, 0, 1, 0, 0, 0, 1, -0.00282957, -0.00124445, 0.395768)

[node name="Physical Bone footR" parent="NPC_Meat_Female2/Meat_Female/Skeleton3D" index="18"]
transform = Transform3D(0.723667, 0.41349, 0.535222, 0.179039, -0.869248, 0.435529, 0.653694, -0.219413, -0.711274, -0.230802, -1.87452, -0.780946)
joint_offset = Transform3D(1, 0, 0, 0, 1, 0, 0, 0, 1, -0.00544891, 0.0096614, 0.109659)

[node name="RightHookAttachment" parent="NPC_Meat_Female2/Meat_Female/Skeleton3D" index="19"]
transform = Transform3D(-0.631553, 0.64303, -0.433188, -0.00500366, 0.555321, 0.83162, 0.775315, 0.527381, -0.347497, -0.504041, 0.312586, -0.102073)

[node name="LeftHookAttachment" parent="NPC_Meat_Female2/Meat_Female/Skeleton3D" index="20"]
transform = Transform3D(-0.837296, -0.52445, -0.154557, -0.533205, 0.84578, 0.0186428, 0.120944, 0.09802, -0.987807, 0.00747719, 0.709726, 0.239124)

[node name="CharacterAnimationTree" parent="." index="4"]
anim_player = NodePath("../NPC_Kitchen_Male/AnimationPlayer")
parameters/Movement/playback = SubResource("AnimationNodeStateMachinePlayback_cafs0")

[node name="ProjectileTimer" parent="Timers" index="0"]
wait_time = 0.5

[connection signal="body_entered" from="NPC_Kitchen_Male/Kitchen_Male/Skeleton3D/LeftHookAttachment/LeftHook" to="." method="_on_left_hook_body_entered"]
[connection signal="body_entered" from="NPC_Kitchen_Male/Kitchen_Male/Skeleton3D/RightHookAttachment/RightHook" to="." method="_on_right_hook_body_entered"]

[editable path="NPC_Kitchen_Male"]
[editable path="NPC_Meat_Female2"]
