[gd_scene load_steps=7 format=3 uid="uid://0h5em6sfkjjc"]

[ext_resource type="PackedScene" uid="uid://dklaxvd7swq26" path="res://Characters/Character.tscn" id="1_r08ty"]
[ext_resource type="Script" path="res://Characters/Kitchen/kitchen_dude.gd" id="2_sagpd"]
[ext_resource type="Script" path="res://Characters/Resources/character_data.gd" id="3_c1yn5"]
[ext_resource type="PackedScene" uid="uid://dwlxfwet22vsm" path="res://Projectile/Food/fast_food.tscn" id="4_jy0yt"]

[sub_resource type="Resource" id="Resource_n7pet"]
script = ExtResource("3_c1yn5")
Team = "KITCHEN"
max_health = 100
single_fire = false
base_damage = 10
special_damage = 0
projectile_speed = 15.0
projectile_damage = 20
max_ammo = 30
move_speed = 15.0
acceleration = 0.2
gravity = 30.0

[sub_resource type="AnimationNodeStateMachinePlayback" id="AnimationNodeStateMachinePlayback_cshco"]

[node name="KitchenDude" instance=ExtResource("1_r08ty")]
script = ExtResource("2_sagpd")
character_stats = SubResource("Resource_n7pet")
projectile = ExtResource("4_jy0yt")

[node name="Skeleton3D" parent="Human_Template_Male/metarig" index="0"]
bones/6/rotation = Quaternion(-0.0755768, -0.00573534, -0.015452, 0.997004)
bones/8/position = Vector3(0.0183, 0.142364, 0.0783979)
bones/31/position = Vector3(-0.0183, 0.142364, 0.0783979)

[node name="RightHookBone" parent="Human_Template_Male/metarig/Skeleton3D" index="1"]
transform = Transform3D(-0.996636, 0.0819602, -5.96941e-05, -0.0809554, -0.984304, 0.156818, 0.0127941, 0.156295, 0.987628, -0.288997, 1.09481, 0.0555382)

[node name="LeftHookBone" parent="Human_Template_Male/metarig/Skeleton3D" index="2"]
transform = Transform3D(-0.996636, -0.0819603, 5.95488e-05, 0.0809555, -0.984304, 0.156818, -0.0127942, 0.156295, 0.987628, 0.288997, 1.09481, 0.0555382)

[node name="Physical Bone spine" parent="Human_Template_Male/metarig/Skeleton3D" index="3"]
transform = Transform3D(0.999898, -7.0346e-14, -4.83169e-13, -8.84359e-13, 0.999999, -2.38419e-07, -6.82121e-13, 2.68221e-07, 0.999999, -1.38658e-08, 1.37348, 0.0166578)
joint_offset = Transform3D(1, 0, 0, 0, 1, 0, 0, 0, 1, 1.38671e-08, -0.363581, -0.0718578)
body_offset = Transform3D(0.999899, -7.0346e-14, -4.83169e-13, -1.02318e-12, 0.968338, 0.249639, -4.26326e-13, -0.249639, 0.968338, -1.38658e-08, 0.370008, -0.0211814)

[node name="Physical Bone spine005" parent="Human_Template_Male/metarig/Skeleton3D" index="4"]
transform = Transform3D(0.258819, -0.966022, -1.76966e-07, 0.965922, 0.258819, 1.49012e-08, -7.51684e-07, -2.27281e-07, 0.999999, -1.27399e-08, 1.8518, 0.0674143)
joint_offset = Transform3D(1, 0, 0, 0, 1, 0, 0, 0, 1, -0.127597, -0.034186, -0.0544145)
body_offset = Transform3D(0.258819, -0.966022, -1.76966e-07, 0.948957, 0.254273, 0.186599, -0.180241, -0.0482956, 0.982435, -1.27399e-08, 0.13993, 0.0288096)

[node name="Physical Bone shoulderL" parent="Human_Template_Male/metarig/Skeleton3D" index="5"]
transform = Transform3D(0.989304, -0.14543, -2.62507e-07, 0.145435, 0.98934, 1.85973e-08, -6.47878e-06, 3.66989e-06, 0.999878, 0.223691, 1.5064, -2.03475e-05)
joint_offset = Transform3D(1, 0, 0, 0, 1, 0, 0, 0, 1, -0.188075, 0.132897, 0.068427)
body_offset = Transform3D(0.501654, -0.0738163, 0.861785, 0.852591, -0.125911, -0.507033, 0.145958, 0.989263, -0.0002258, 0.0451893, 0.211779, -0.104004)

[node name="Physical Bone forearmL" parent="Human_Template_Male/metarig/Skeleton3D" index="6"]
transform = Transform3D(1, 1.11866e-07, 3.57079e-07, 8.3819e-09, -0.196544, 0.980493, 5.08138e-07, -0.980491, -0.196544, 0.267282, 1.23279, 0.0257683)
joint_offset = Transform3D(1, 0, 0, 0, 1, 0, 0, 0, 1, 0.00622159, 0.00130199, 0.142148)
body_offset = Transform3D(-0.996978, 0.054627, -0.0552382, 0.0546563, -0.0120885, -0.998429, -0.0552089, -0.99843, 0.00906667, 0.0139837, 0.1416, 0.000354618)

[node name="Physical Bone handL" parent="Human_Template_Male/metarig/Skeleton3D" index="7"]
transform = Transform3D(0.999997, -1.82315e-06, 2.49029e-06, -1.40394e-06, 0.167405, -0.985883, 7.07291e-07, 0.985882, 0.167405, 0.262923, 0.975929, 0.0670632)
joint_offset = Transform3D(1, 0, 0, 0, 1, 0, 0, 0, 1, 0.0260745, 0.00858626, -0.119411)
body_offset = Transform3D(-0.996632, 0.000940547, -0.0819569, -0.0819584, -0.0106883, 0.996573, 6.00334e-05, 0.999936, 0.0107301, 0.0161921, 0.121231, -0.00730598)

[node name="Physical Bone palm01L" parent="Human_Template_Male/metarig/Skeleton3D" index="8"]
transform = Transform3D(0.0287717, -0.997462, 0.0649537, -0.333478, 0.0516815, 0.941342, -0.942318, -0.0487451, -0.331151, 0.286338, 1.00745, 0.0909477)
joint_offset = Transform3D(1, 0, 0, 0, 1, 0, 0, 0, 1, -0.00364108, 0.000538623, 0.0465636)
body_offset = Transform3D(0.999999, 2.38419e-07, 1.37091e-06, -6.25849e-07, 1.02632e-06, -1, -1.3411e-07, 0.999988, 4.16301e-06, 0.00364101, 0.0465637, -0.000538811)

[node name="Physical Bone shoulderR" parent="Human_Template_Male/metarig/Skeleton3D" index="9"]
transform = Transform3D(0.999556, -8.67294e-09, 1.8508e-07, 1.33878e-09, 0.999711, -2.29629e-08, 7.09459e-07, -2.43017e-09, 0.999998, -0.204253, 1.59551, 0.00613216)
joint_offset = Transform3D(1, 0, 0, 0, 1, 0, 0, 0, 1, 0.186036, 0.0150287, 0.0622679)
body_offset = Transform3D(0.506869, 7.35767e-05, -0.861889, -0.861508, -0.000570419, -0.507094, -0.00052889, 0.999711, -0.000225895, -0.0406289, 0.191856, -0.0149119)

[node name="Physical Bone upper_armR" parent="Human_Template_Male/metarig/Skeleton3D" index="10"]
transform = Transform3D(-0.973775, -0.0769122, 0.214071, 0.217368, -0.0371911, 0.97535, -0.0670604, 0.996316, 0.0529362, -0.246002, 1.48853, 0.003328)
joint_offset = Transform3D(1, 0, 0, 0, 1, 0, 0, 0, 1, 0.00188237, -0.000288252, 0.135855)
body_offset = Transform3D(0.999991, -5.45382e-06, 1.5019e-05, 1.12441e-05, -3.57442e-05, -0.999967, 3.05474e-06, 0.999972, -3.32482e-05, -0.0018844, 0.135851, 0.000292756)

[node name="Physical Bone forearmR" parent="Human_Template_Male/metarig/Skeleton3D" index="11"]
transform = Transform3D(-0.996979, 0.0552041, 0.0546436, 0.0648807, 0.204986, 0.976601, 0.0427115, 0.977202, -0.207949, -0.281287, 1.22126, 0.0261208)
joint_offset = Transform3D(1, 0, 0, 0, 1, 0, 0, 0, 1, 0.000752467, 0.00241853, 0.153706)
body_offset = Transform3D(1, -2.85357e-06, 1.99005e-05, 1.77175e-05, 0.000142187, -0.999989, 2.8573e-06, 0.999995, 0.000140682, -0.000755519, 0.153704, -0.00244014)

[node name="Physical Bone handR" parent="Human_Template_Male/metarig/Skeleton3D" index="12"]
transform = Transform3D(0.980335, 0.196701, -0.0155039, 0.107864, -0.468471, 0.876868, 0.165217, -0.861301, -0.48048, -0.288493, 1.0633, 0.0671887)
joint_offset = Transform3D(1, 0, 0, 0, 1, 0, 0, 0, 1, 0.00101069, -0.0049595, 0.0334855)
body_offset = Transform3D(-0.983655, -0.169133, -0.0616828, -1.82539e-07, 0.342623, -0.939472, 0.18003, -0.924121, -0.337026, 0.00222084, 0.0331579, 0.00652036)

[node name="Physical Bone thighL" parent="Human_Template_Male/metarig/Skeleton3D" index="13"]
transform = Transform3D(0.995057, 0.000741434, -0.0993009, 0.0992972, 0.00395898, 0.99505, 0.00113121, -0.999894, 0.00386353, 0.122389, 0.827416, 0.0158227)
joint_offset = Transform3D(1, 0, 0, 0, 1, 0, 0, 0, 1, 0.000184887, 5.97431e-06, 0.247458)
body_offset = Transform3D(1, -1.66474e-08, -2.1336e-07, -2.2949e-07, -4.13973e-07, -1, -1.93249e-07, 0.999902, 2.24984e-06, -0.000184834, 0.247458, -6.53043e-06)

[node name="Physical Bone shinL" parent="Human_Template_Male/metarig/Skeleton3D" index="14"]
transform = Transform3D(0.997615, 0.000160044, -0.0692116, 0.0691434, 0.0389284, 0.997003, 0.00285319, -0.999432, 0.0388257, 0.1641, 0.335474, 0.0051804)
joint_offset = Transform3D(1, 0, 0, 0, 1, 0, 0, 0, 1, 4.63831e-06, 3.76206e-06, 0.249724)
body_offset = Transform3D(1.00001, -2.88244e-07, 8.1896e-07, 3.98308e-07, 2.86847e-07, -1.00016, 3.09665e-08, 1.00019, -2.53692e-06, -4.84288e-06, 0.249763, -3.12924e-06)

[node name="Physical Bone footL" parent="Human_Template_Male/metarig/Skeleton3D" index="15"]
transform = Transform3D(1, 1.32521e-07, -1.77827e-07, 2.03207e-07, -0.889707, 0.456531, -1.04821e-07, -0.456532, -0.889708, 0.181379, 0.0580921, 0.0509247)
joint_offset = Transform3D(1, 0, 0, 0, 1, 0, 0, 0, 1, 2.91446e-08, -9.09306e-05, 0.0623559)
body_offset = Transform3D(1, -1.26818e-10, 1.05475e-08, 1.05292e-08, -1.19209e-07, -1, -3.12639e-13, 1, -1.19209e-07, -2.98023e-08, 0.0623559, 9.09381e-05)

[node name="Physical Bone thighR" parent="Human_Template_Male/metarig/Skeleton3D" index="16"]
transform = Transform3D(0.995057, -0.000741563, 0.0993008, -0.099297, 0.00395888, 0.99505, -0.00113016, -0.999894, 0.00386648, -0.122409, 0.829041, 0.0158226)
joint_offset = Transform3D(1, 0, 0, 0, 1, 0, 0, 0, 1, -3.09331e-06, 2.24694e-07, 0.245843)
body_offset = Transform3D(1, -1.02445e-07, 9.63046e-08, 3.3659e-08, -3.07569e-07, -1, -8.60076e-07, 0.999902, -7.01752e-07, 3.06964e-06, 0.245843, -5.21541e-08)

[node name="Physical Bone shinR" parent="Human_Template_Male/metarig/Skeleton3D" index="17"]
transform = Transform3D(0.997617, -0.000160091, 0.0692039, -0.0691447, 0.0389291, 0.996932, -0.00285329, -0.99944, 0.0388261, -0.164101, 0.335541, 0.00517964)
joint_offset = Transform3D(1, 0, 0, 0, 1, 0, 0, 0, 1, 1.05641e-06, 1.23563e-06, 0.249676)
body_offset = Transform3D(1.00001, 2.18861e-07, -3.57469e-06, 7.28694e-07, -5.21541e-08, -1.00009, 2.49129e-08, 1.0002, -5.72577e-06, -1.63913e-07, 0.249697, 1.93715e-07)

[node name="Physical Bone footR" parent="Human_Template_Male/metarig/Skeleton3D" index="18"]
transform = Transform3D(1, -1.32621e-07, 1.78117e-07, -2.03207e-07, -0.889707, 0.456531, 1.04821e-07, -0.456532, -0.889708, -0.181404, 0.0581515, 0.0510079)
joint_offset = Transform3D(1, 0, 0, 0, 1, 0, 0, 0, 1, 2.47068e-05, -2.60886e-08, 0.0624028)
body_offset = Transform3D(1, 2.72493e-11, -1.02572e-08, -1.05291e-08, -1.19209e-07, -1, -1.42109e-14, 1, -1.19209e-07, -2.47061e-05, 0.0624028, 3.35276e-08)

[node name="ProjectilePlacement" parent="Human_Template_Male" index="2"]
transform = Transform3D(1, 0, 0, 0, 0.969919, 0.243429, 0, -0.243429, 0.969919, -0.26745, 1.25401, 0.260283)

[node name="AnimationTree" parent="." index="2"]
parameters/Movement/playback = SubResource("AnimationNodeStateMachinePlayback_cshco")

[node name="ProjectileTimer" parent="Timers" index="1"]
wait_time = 0.5

[editable path="Human_Template_Male"]
