[gd_scene load_steps=9 format=3 uid="uid://0h5em6sfkjjc"]

[ext_resource type="PackedScene" uid="uid://dklaxvd7swq26" path="res://Characters/Character.tscn" id="1_r08ty"]
[ext_resource type="Script" path="res://Characters/Kitchen/kitchen_dude.gd" id="2_sagpd"]
[ext_resource type="Script" path="res://Characters/Resources/character_data.gd" id="3_c1yn5"]
[ext_resource type="PackedScene" uid="uid://dwlxfwet22vsm" path="res://Projectile/Food/fast_food.tscn" id="4_jy0yt"]

[sub_resource type="Resource" id="Resource_n7pet"]
script = ExtResource("3_c1yn5")
Team = "KITCHEN"
max_health = 100
single_fire = true
base_damage = 10
special_damage = 0
projectile_damage = 20
projectile_speed = 20.0
max_ammo = 20
move_speed = 6.0
acceleration = 0.09
gravity = 30.0
dodge_force = 18.0
punch_force = 11.0

[sub_resource type="StandardMaterial3D" id="StandardMaterial3D_b8f12"]
albedo_color = Color(0.42, 0.21525, 0.105, 1)

[sub_resource type="CapsuleMesh" id="CapsuleMesh_imi2d"]
material = SubResource("StandardMaterial3D_b8f12")
radius = 0.201
height = 0.654

[sub_resource type="AnimationNodeStateMachinePlayback" id="AnimationNodeStateMachinePlayback_cshco"]

[node name="KitchenDude" instance=ExtResource("1_r08ty")]
script = ExtResource("2_sagpd")
character_stats = SubResource("Resource_n7pet")
projectile = ExtResource("4_jy0yt")

[node name="Skeleton3D" parent="Human_Template_Male/metarig" index="0"]
bones/6/rotation = Quaternion(-0.0874866, -0.00197082, -0.00530974, 0.99615)
bones/8/position = Vector3(0.0183, 0.138999, 0.0783017)
bones/31/position = Vector3(-0.0183, 0.138999, 0.0783017)

[node name="RightHookBone" parent="Human_Template_Male/metarig/Skeleton3D" index="1"]
transform = Transform3D(-0.996636, 0.0819602, -5.96941e-05, -0.0809554, -0.984304, 0.156818, 0.0127941, 0.156295, 0.987628, -0.288997, 1.09144, 0.0555382)

[node name="LeftHookBone" parent="Human_Template_Male/metarig/Skeleton3D" index="2"]
transform = Transform3D(-0.996636, -0.0819603, 5.95488e-05, 0.0809555, -0.984304, 0.156818, -0.0127942, 0.156295, 0.987628, 0.288997, 1.09144, 0.0555382)

[node name="Physical Bone spine" parent="Human_Template_Male/metarig/Skeleton3D" index="3"]
transform = Transform3D(0.997436, -7.0346e-14, -4.83169e-13, -2.15317e-11, 0.999999, -2.38419e-07, -3.44698e-10, 2.68221e-07, 0.999999, -1.39169e-08, 1.37348, 0.016659)
joint_offset = Transform3D(1, 0, 0, 0, 1, 0, 0, 0, 1, 1.39526e-08, -0.363581, -0.071859)
body_offset = Transform3D(0.997437, -7.0346e-14, -4.83169e-13, -1.06901e-10, 0.968338, 0.249639, -3.28413e-10, -0.249639, 0.968338, -1.39169e-08, 0.370008, -0.0211803)

[node name="Physical Bone spine005" parent="Human_Template_Male/metarig/Skeleton3D" index="4"]
transform = Transform3D(0.258819, -0.968484, -1.78139e-07, 0.965922, 0.258819, 1.49012e-08, -7.51684e-07, -2.27926e-07, 0.999999, -1.28371e-08, 1.8518, 0.0674139)
joint_offset = Transform3D(1, 0, 0, 0, 1, 0, 0, 0, 1, -0.127617, -0.0341046, -0.0544141)
body_offset = Transform3D(0.258819, -0.968484, -1.78139e-07, 0.948957, 0.254273, 0.186599, -0.180241, -0.0482956, 0.982435, -1.28371e-08, 0.139929, 0.0288094)

[node name="Physical Bone shoulderL" parent="Human_Template_Male/metarig/Skeleton3D" index="5"]
transform = Transform3D(0.989352, -0.145463, -2.62825e-07, 0.145461, 0.991802, -5.81407e-07, -4.72842e-05, 3.00626e-05, 0.999878, 0.223942, 1.50478, -0.000509963)
joint_offset = Transform3D(1, 0, 0, 0, 1, 0, 0, 0, 1, -0.188621, 0.130814, 0.0689056)
body_offset = Transform3D(0.501644, -0.0738104, 0.861785, 0.852654, -0.125954, -0.507033, 0.145985, 0.991725, -0.0002264, 0.0448945, 0.212243, -0.10218)

[node name="Physical Bone forearmL" parent="Human_Template_Male/metarig/Skeleton3D" index="6"]
transform = Transform3D(1.00003, 9.69648e-08, 3.58767e-07, 2.09175e-06, -0.196544, 0.980493, 2.25158e-06, -0.980491, -0.196544, 0.26618, 1.23017, 0.0252518)
joint_offset = Transform3D(1, 0, 0, 0, 1, 0, 0, 0, 1, 0.00732396, 0.000956179, 0.141245)
body_offset = Transform3D(-0.997007, 0.054627, -0.0552383, 0.0546563, -0.0120884, -0.998429, -0.0552084, -0.998429, 0.00906678, 0.015052, 0.140635, 7.83801e-05)

[node name="Physical Bone handL" parent="Human_Template_Male/metarig/Skeleton3D" index="7"]
transform = Transform3D(1.00001, -5.23329e-05, 8.75238e-05, -3.20113e-05, 0.167405, -0.985875, 9.74927e-06, 0.985883, 0.167404, 0.262923, 0.974889, 0.0666335)
joint_offset = Transform3D(1, 0, 0, 0, 1, 0, 0, 0, 1, 0.0260846, 0.00860764, -0.116972)
body_offset = Transform3D(-0.996647, 0.000990892, -0.082041, -0.0819279, -0.0106842, 0.996558, 6.41644e-05, 0.999937, 0.0107305, 0.0163921, 0.118798, -0.0073536)

[node name="Physical Bone shoulderR" parent="Human_Template_Male/metarig/Skeleton3D" index="8"]
transform = Transform3D(0.999561, -3.07336e-08, 1.85397e-07, 2.24099e-08, 0.999717, -6.2192e-07, 2.64661e-06, -6.69389e-09, 0.999998, -0.20403, 1.59406, 0.00612955)
joint_offset = Transform3D(1, 0, 0, 0, 1, 0, 0, 0, 1, 0.185811, 0.013027, 0.0622701)
body_offset = Transform3D(0.50687, 7.35696e-05, -0.861889, -0.861513, -0.000570401, -0.507094, -0.000528871, 0.999716, -0.000226494, -0.0405132, 0.191663, -0.012911)

[node name="Physical Bone upper_armR" parent="Human_Template_Male/metarig/Skeleton3D" index="9"]
transform = Transform3D(-0.973697, -0.0769032, 0.214056, 0.217355, -0.0371842, 0.975313, -0.0670508, 0.996277, 0.0529329, -0.246753, 1.48496, 0.00332849)
joint_offset = Transform3D(1, 0, 0, 0, 1, 0, 0, 0, 1, 0.00117788, -0.000351183, 0.136146)
body_offset = Transform3D(0.999912, -1.01551e-05, 2.19664e-05, 7.78446e-06, -4.23566e-05, -0.999929, 7.20471e-06, 0.999933, -3.41125e-05, -0.00118077, 0.136136, 0.000355795)

[node name="Physical Bone forearmR" parent="Human_Template_Male/metarig/Skeleton3D" index="10"]
transform = Transform3D(-0.996979, 0.0552039, 0.0546435, 0.0648762, 0.204986, 0.976601, 0.0427114, 0.977202, -0.207949, -0.281877, 1.21828, 0.026529)
joint_offset = Transform3D(1, 0, 0, 0, 1, 0, 0, 0, 1, 0.000116619, 0.00195751, 0.153372)
body_offset = Transform3D(1, -2.65613e-06, 2.0029e-05, 2.20891e-05, 0.000142589, -0.999989, 1.81794e-06, 0.999995, 0.000140697, -0.000119686, 0.15337, -0.00197908)

[node name="Physical Bone handR" parent="Human_Template_Male/metarig/Skeleton3D" index="11"]
transform = Transform3D(0.980335, 0.196701, -0.0155006, 0.107864, -0.468471, 0.87685, 0.165217, -0.861301, -0.480477, -0.288449, 1.05989, 0.0671871)
joint_offset = Transform3D(1, 0, 0, 0, 1, 0, 0, 0, 1, 0.000964383, -0.00495399, 0.0334565)
body_offset = Transform3D(-0.983655, -0.169133, -0.0616845, -1.08033e-07, 0.342623, -0.939453, 0.18003, -0.924121, -0.337026, 0.00217448, 0.0331281, 0.006524)

[node name="Physical Bone thighL" parent="Human_Template_Male/metarig/Skeleton3D" index="12"]
transform = Transform3D(0.995057, 0.000737394, -0.0993656, 0.0992972, 0.00395898, 0.994901, 0.00113621, -0.996847, 0.00385504, 0.122455, 0.827202, 0.0158376)
joint_offset = Transform3D(1, 0, 0, 0, 1, 0, 0, 0, 1, 0.000160017, 1.98557e-05, 0.247713)
body_offset = Transform3D(1, -5.90109e-07, -7.94375e-05, -2.48815e-07, -1.25954e-05, -0.999858, -5.19236e-06, 0.996855, 1.01025e-05, -0.000140339, 0.247678, -2.22949e-05)

[node name="Physical Bone shinL" parent="Human_Template_Male/metarig/Skeleton3D" index="13"]
transform = Transform3D(0.997615, 0.000158882, -0.0692165, 0.0691427, 0.0389613, 0.997046, 0.00285304, -1.00035, 0.0388273, 0.164105, 0.335474, 0.00517909)
joint_offset = Transform3D(1, 0, 0, 0, 1, 0, 0, 0, 1, 7.04645e-07, 2.43385e-06, 0.249713)
body_offset = Transform3D(1.00001, -1.80514e-06, -1.03164e-06, 1.09705e-06, 3.21865e-06, -1.0002, 1.54134e-07, 1.00111, -2.47359e-06, -4.47035e-07, 0.249763, -1.81887e-06)

[node name="Physical Bone footL" parent="Human_Template_Male/metarig/Skeleton3D" index="14"]
transform = Transform3D(1, 1.326e-07, -1.77824e-07, 2.03208e-07, -0.889709, 0.456532, -1.04822e-07, -0.456532, -0.889709, 0.181584, 0.0580915, 0.0509254)
joint_offset = Transform3D(1, 0, 0, 0, 1, 0, 0, 0, 1, -0.000204355, -9.10963e-05, 0.0623566)
body_offset = Transform3D(1, -4.8658e-11, 1.0551e-08, 1.05277e-08, -1.49012e-07, -1, -3.12639e-13, 1, -1.49012e-07, 0.000204355, 0.0623567, 9.11057e-05)

[node name="Physical Bone thighR" parent="Human_Template_Male/metarig/Skeleton3D" index="15"]
transform = Transform3D(0.99505, -0.000741564, 0.0993008, -0.0992963, 0.0039576, 0.995044, -0.00113015, -0.996798, 0.00387489, -0.12241, 0.829008, 0.0158226)
joint_offset = Transform3D(1, 0, 0, 0, 1, 0, 0, 0, 1, -6.10226e-06, 2.44455e-06, 0.245877)
body_offset = Transform3D(0.999993, -3.47814e-06, 6.97741e-07, 2.61821e-08, -1.1004e-05, -0.999994, -8.58563e-07, 0.996806, -9.13395e-06, 5.93066e-06, 0.245875, -1.90921e-07)

[node name="Physical Bone shinR" parent="Human_Template_Male/metarig/Skeleton3D" index="16"]
transform = Transform3D(0.997615, -0.000155399, 0.0692188, -0.0691448, 0.0391561, 0.997233, -0.00285332, -1.00525, 0.0388702, -0.164105, 0.335529, 0.00517752)
joint_offset = Transform3D(1, 0, 0, 0, 1, 0, 0, 0, 1, 5.52573e-06, 7.58759e-06, 0.249612)
body_offset = Transform3D(1.00001, 5.79213e-06, -9.66099e-06, 1.02769e-06, -9.90927e-07, -1.00039, 4.47035e-08, 1.00602, -3.80836e-05, -3.11434e-06, 0.249709, 1.87289e-06)

[node name="Physical Bone footR" parent="Human_Template_Male/metarig/Skeleton3D" index="17"]
transform = Transform3D(1, -1.32727e-07, 1.78215e-07, -2.03208e-07, -0.889709, 0.456532, 1.0482e-07, -0.456532, -0.889709, -0.182019, 0.0581519, 0.0510096)
joint_offset = Transform3D(1, 0, 0, 0, 1, 0, 0, 0, 1, 0.000639529, 1.08218e-06, 0.062404)
joint_rotation = Vector3(0, 0, 0)
body_offset = Transform3D(1, -7.84155e-11, -1.01598e-08, -1.05291e-08, -1.49012e-07, -1, 1.44951e-12, 1, -1.49012e-07, -0.000639528, 0.0624041, -1.07288e-06)

[node name="ProjectilePlacement" parent="Human_Template_Male" index="2"]
transform = Transform3D(1, 0, 0, 0, 0.988552, 0.150881, 0, -0.150881, 0.988552, -0.26745, 1.25401, 0.260283)

[node name="MeshInstance3D" parent="Human_Template_Male" index="3"]
transform = Transform3D(1, 0, 0, 0, 1, 0, 0, 0, 1, 0, 1.37083, 0.0243523)
mesh = SubResource("CapsuleMesh_imi2d")

[node name="AnimationTree" parent="." index="2"]
parameters/Movement/playback = SubResource("AnimationNodeStateMachinePlayback_cshco")

[node name="ProjectileTimer" parent="Timers" index="1"]
wait_time = 0.5

[editable path="Human_Template_Male"]
