[gd_scene load_steps=9 format=3 uid="uid://0h5em6sfkjjc"]

[ext_resource type="PackedScene" uid="uid://dklaxvd7swq26" path="res://Characters/Character.tscn" id="1_r08ty"]
[ext_resource type="Script" path="res://Characters/Kitchen/kitchen_dude.gd" id="2_sagpd"]
[ext_resource type="Script" path="res://Characters/Resources/character_data.gd" id="3_c1yn5"]
[ext_resource type="PackedScene" uid="uid://dwlxfwet22vsm" path="res://Projectile/Food/fast_food.tscn" id="4_jy0yt"]

[sub_resource type="Resource" id="Resource_n7pet"]
resource_local_to_scene = true
script = ExtResource("3_c1yn5")
Team = "Kitchen"
max_health = 100
single_fire = true
base_damage = 10
special_damage = 0
projectile_damage = 20
projectile_speed = 20.0
max_ammo = 20
move_speed = 6.0
acceleration = 0.1
gravity = 30.0
dodge_force = 15.0
punch_force = 8.0

[sub_resource type="StandardMaterial3D" id="StandardMaterial3D_b8f12"]
albedo_color = Color(0.42, 0.21525, 0.105, 1)

[sub_resource type="CapsuleMesh" id="CapsuleMesh_imi2d"]
material = SubResource("StandardMaterial3D_b8f12")
radius = 0.201
height = 0.654

[sub_resource type="AnimationNodeStateMachinePlayback" id="AnimationNodeStateMachinePlayback_cshco"]

[node name="KitchenDude" instance=ExtResource("1_r08ty")]
script = ExtResource("2_sagpd")
character_stats = SubResource("Resource_n7pet")
projectile = ExtResource("4_jy0yt")

[node name="Skeleton3D" parent="Human_Template_Male/metarig" index="0"]
bones/6/rotation = Quaternion(-0.0611228, -0.0102938, -0.0277332, 0.997692)
bones/8/position = Vector3(0.0183, 0.144885, 0.0784699)
bones/31/position = Vector3(-0.0183, 0.144885, 0.0784699)

[node name="RightHookBone" parent="Human_Template_Male/metarig/Skeleton3D" index="1"]
transform = Transform3D(-0.996636, 0.0819602, -5.96941e-05, -0.0809554, -0.984304, 0.156818, 0.0127941, 0.156295, 0.987628, -0.288997, 1.09733, 0.0555382)

[node name="LeftHookBone" parent="Human_Template_Male/metarig/Skeleton3D" index="2"]
transform = Transform3D(-0.996636, -0.0819603, 5.95488e-05, 0.0809555, -0.984304, 0.156818, -0.0127942, 0.156295, 0.987628, 0.288997, 1.09733, 0.0555382)

[node name="Physical Bone spine" parent="Human_Template_Male/metarig/Skeleton3D" index="3"]
transform = Transform3D(0.997328, -7.0346e-14, -4.83169e-13, -2.23097e-11, 0.999999, -2.38419e-07, -3.53282e-10, 2.68221e-07, 0.999999, -1.39166e-08, 1.37348, 0.0166595)
joint_offset = Transform3D(1, 0, 0, 0, 1, 0, 0, 0, 1, 1.39538e-08, -0.363581, -0.0718595)
body_offset = Transform3D(0.997328, -7.0346e-14, -4.83169e-13, -1.098e-10, 0.968338, 0.249639, -3.36541e-10, -0.249639, 0.968338, -1.39166e-08, 0.370008, -0.0211798)

[node name="Physical Bone spine005" parent="Human_Template_Male/metarig/Skeleton3D" index="4"]
transform = Transform3D(0.258819, -0.968593, -1.78192e-07, 0.965922, 0.258819, 1.49012e-08, -7.51684e-07, -2.27955e-07, 0.999999, -1.28437e-08, 1.8518, 0.0674139)
joint_offset = Transform3D(1, 0, 0, 0, 1, 0, 0, 0, 1, -0.127618, -0.034101, -0.0544142)
body_offset = Transform3D(0.258819, -0.968593, -1.78192e-07, 0.948957, 0.254273, 0.186599, -0.180241, -0.0482956, 0.982435, -1.28437e-08, 0.139929, 0.0288094)

[node name="Physical Bone shoulderL" parent="Human_Template_Male/metarig/Skeleton3D" index="5"]
transform = Transform3D(0.989352, -0.145464, -2.62839e-07, 0.145461, 0.991911, -6.07775e-07, -4.72842e-05, 3.1327e-05, 0.999878, 0.223952, 1.51077, -0.000532561)
joint_offset = Transform3D(1, 0, 0, 0, 1, 0, 0, 0, 1, -0.188665, 0.130588, 0.068928)
body_offset = Transform3D(0.501644, -0.0738103, 0.861785, 0.852654, -0.125956, -0.507033, 0.145985, 0.991834, -0.000226426, 0.0448801, 0.212263, -0.101964)

[node name="Physical Bone forearmL" parent="Human_Template_Male/metarig/Skeleton3D" index="6"]
transform = Transform3D(1.00003, 2.12449e-07, 3.58767e-07, 3.81935e-06, -0.196544, 0.980493, 3.28349e-06, -0.98049, -0.196544, 0.26618, 1.23597, 0.0252293)
joint_offset = Transform3D(1, 0, 0, 0, 1, 0, 0, 0, 1, 0.00732389, 0.000939944, 0.141212)
body_offset = Transform3D(-0.997012, 0.0546269, -0.0552383, 0.0546551, -0.0120882, -0.998429, -0.0552073, -0.998429, 0.00906678, 0.0150509, 0.140601, 6.24657e-05)

[node name="Physical Bone handL" parent="Human_Template_Male/metarig/Skeleton3D" index="7"]
transform = Transform3D(1.00001, -5.37049e-05, 9.47434e-05, -3.32563e-05, 0.167404, -0.985876, 1.00385e-05, 0.985883, 0.167404, 0.262923, 0.980738, 0.066611)
joint_offset = Transform3D(1, 0, 0, 0, 1, 0, 0, 0, 1, 0.0260855, 0.00861664, -0.116891)
body_offset = Transform3D(-0.996647, 0.00099224, -0.0820483, -0.0819266, -0.0106839, 0.996558, 6.42545e-05, 0.999937, 0.0107303, 0.0163988, 0.118718, -0.0073635)

[node name="Physical Bone shoulderR" parent="Human_Template_Male/metarig/Skeleton3D" index="8"]
transform = Transform3D(0.999561, -3.06172e-08, 1.85411e-07, 2.31666e-08, 0.999716, -6.48302e-07, 2.43799e-06, -6.70844e-09, 0.999998, -0.204025, 1.60005, 0.00613098)
joint_offset = Transform3D(1, 0, 0, 0, 1, 0, 0, 0, 1, 0.185807, 0.0128093, 0.0622687)
body_offset = Transform3D(0.50687, 7.35696e-05, -0.861889, -0.861513, -0.000570401, -0.507094, -0.000528871, 0.999716, -0.00022652, -0.0405122, 0.191659, -0.0126933)

[node name="Physical Bone upper_armR" parent="Human_Template_Male/metarig/Skeleton3D" index="9"]
transform = Transform3D(-0.973693, -0.0768987, 0.214056, 0.217353, -0.037181, 0.975313, -0.0670505, 0.99626, 0.0529329, -0.246768, 1.49071, 0.00332848)
joint_offset = Transform3D(1, 0, 0, 0, 1, 0, 0, 0, 1, 0.00116787, -0.000353245, 0.136172)
body_offset = Transform3D(0.999908, -1.26734e-05, 2.19664e-05, 7.9507e-06, -4.55528e-05, -0.999929, 7.13766e-06, 0.999915, -3.41125e-05, -0.00117075, 0.136163, 0.000357851)

[node name="Physical Bone forearmR" parent="Human_Template_Male/metarig/Skeleton3D" index="10"]
transform = Transform3D(-0.996979, 0.0552038, 0.0546436, 0.0648764, 0.204986, 0.976601, 0.0427111, 0.977202, -0.207948, -0.281877, 1.22404, 0.0265573)
joint_offset = Transform3D(1, 0, 0, 0, 1, 0, 0, 0, 1, 0.000115648, 0.00193062, 0.153382)
body_offset = Transform3D(1, -2.5481e-06, 1.9948e-05, 2.1846e-05, 0.000142604, -0.999989, 1.63168e-06, 0.999995, 0.000141174, -0.000118703, 0.15338, -0.00195226)

[node name="Physical Bone handR" parent="Human_Template_Male/metarig/Skeleton3D" index="11"]
transform = Transform3D(0.980335, 0.196701, -0.0154995, 0.107864, -0.468471, 0.876835, 0.165218, -0.861301, -0.480475, -0.288449, 1.06566, 0.067187)
joint_offset = Transform3D(1, 0, 0, 0, 1, 0, 0, 0, 1, 0.00096438, -0.00495417, 0.0334568)
body_offset = Transform3D(-0.983655, -0.169133, -0.0616844, -3.72529e-09, 0.342623, -0.939438, 0.18003, -0.924121, -0.337026, 0.00217447, 0.033128, 0.00652395)

[node name="Physical Bone thighL" parent="Human_Template_Male/metarig/Skeleton3D" index="12"]
transform = Transform3D(0.995057, 0.00073717, -0.0993656, 0.0992971, 0.00395897, 0.994901, 0.0011364, -0.996628, 0.00385383, 0.122457, 0.827186, 0.0158376)
joint_offset = Transform3D(1, 0, 0, 0, 1, 0, 0, 0, 1, 0.000159739, 1.96188e-05, 0.247728)
body_offset = Transform3D(1, -5.65313e-07, -7.93942e-05, -1.45226e-07, -1.34602e-05, -0.999858, -5.37862e-06, 0.996636, 1.1313e-05, -0.000140071, 0.247693, -2.23545e-05)

[node name="Physical Bone shinL" parent="Human_Template_Male/metarig/Skeleton3D" index="13"]
transform = Transform3D(0.997615, 0.000158873, -0.0692165, 0.0691426, 0.0389614, 0.997046, 0.00285303, -1.00035, 0.0388273, 0.164105, 0.335474, 0.00517906)
joint_offset = Transform3D(1, 0, 0, 0, 1, 0, 0, 0, 1, 6.4505e-07, 2.40502e-06, 0.249713)
body_offset = Transform3D(1.00001, -1.80933e-06, -1.03168e-06, 1.23135e-06, 3.14415e-06, -1.0002, 1.53901e-07, 1.00111, -2.46242e-06, -3.8743e-07, 0.249763, -1.7928e-06)

[node name="Physical Bone footL" parent="Human_Template_Male/metarig/Skeleton3D" index="14"]
transform = Transform3D(1, 1.32619e-07, -1.77823e-07, 2.03208e-07, -0.889708, 0.456532, -1.04822e-07, -0.456532, -0.889708, 0.181611, 0.0580915, 0.0509254)
joint_offset = Transform3D(1, 0, 0, 0, 1, 0, 0, 0, 1, -0.000231803, -9.1128e-05, 0.0623567)
body_offset = Transform3D(1, -2.9118e-11, 1.05513e-08, 1.05277e-08, -1.19209e-07, -1, -3.12639e-13, 1, -1.19209e-07, 0.000231802, 0.0623567, 9.11355e-05)

[node name="Physical Bone thighR" parent="Human_Template_Male/metarig/Skeleton3D" index="15"]
transform = Transform3D(0.99505, -0.000741564, 0.0993007, -0.0992963, 0.00395738, 0.995044, -0.00113015, -0.996589, 0.00387531, -0.12241, 0.829009, 0.0158226)
joint_offset = Transform3D(1, 0, 0, 0, 1, 0, 0, 0, 1, -6.06684e-06, 2.55024e-06, 0.245877)
body_offset = Transform3D(0.999993, -3.69246e-06, 6.74906e-07, 2.61853e-08, -1.15875e-05, -0.999994, -8.57748e-07, 0.996597, -9.56026e-06, 5.90086e-06, 0.245875, -1.90921e-07)

[node name="Physical Bone shinR" parent="Human_Template_Male/metarig/Skeleton3D" index="16"]
transform = Transform3D(0.997615, -0.000155236, 0.0692245, -0.069145, 0.039165, 0.997422, -0.00285333, -1.0055, 0.038882, -0.164104, 0.335528, 0.00517532)
joint_offset = Transform3D(1, 0, 0, 0, 1, 0, 0, 0, 1, 7.21617e-06, 6.53069e-06, 0.249566)
body_offset = Transform3D(1.00001, 6.03497e-06, -1.70335e-05, 1.17716e-06, -4.13507e-07, -1.00058, 5.07571e-08, 1.00626, -4.25316e-05, -2.96533e-06, 0.249709, 4.04287e-06)

[node name="Physical Bone footR" parent="Human_Template_Male/metarig/Skeleton3D" index="17"]
transform = Transform3D(1, -1.32726e-07, 1.78215e-07, -2.03208e-07, -0.889708, 0.456532, 1.0482e-07, -0.456532, -0.889708, -0.182046, 0.0581521, 0.05101)
joint_offset = Transform3D(1, 0, 0, 0, 1, 0, 0, 0, 1, 0.000666977, 1.42305e-06, 0.0624044)
joint_rotation = Vector3(0, 0, 0)
body_offset = Transform3D(1, -7.82094e-11, -1.01595e-08, -1.05293e-08, -1.19209e-07, -1, 1.81899e-12, 1, -1.19209e-07, -0.000666976, 0.0624044, -1.41561e-06)

[node name="ProjectilePlacement" parent="Human_Template_Male" index="2"]
transform = Transform3D(1, 0, 0, 0, 0.988552, 0.150881, 0, -0.150881, 0.988552, -0.26745, 1.25401, 0.260283)

[node name="MeshInstance3D" parent="Human_Template_Male" index="3"]
transform = Transform3D(1, 0, 0, 0, 1, 0, 0, 0, 1, 0, 1.37083, 0.0243523)
mesh = SubResource("CapsuleMesh_imi2d")

[node name="AnimationTree" parent="." index="2"]
parameters/Movement/playback = SubResource("AnimationNodeStateMachinePlayback_cshco")

[node name="ProjectileTimer" parent="Timers" index="1"]
wait_time = 0.5

[editable path="Human_Template_Male"]
