[gd_scene load_steps=27 format=3 uid="uid://0h5em6sfkjjc"]

[ext_resource type="PackedScene" uid="uid://dklaxvd7swq26" path="res://Characters/Character.tscn" id="1_r08ty"]
[ext_resource type="Script" path="res://Characters/Kitchen/kitchen_dude.gd" id="2_sagpd"]
[ext_resource type="Script" path="res://Characters/Resources/character_data.gd" id="3_c1yn5"]
[ext_resource type="PackedScene" uid="uid://dwlxfwet22vsm" path="res://Projectile/Food/fast_food.tscn" id="4_jy0yt"]
[ext_resource type="PackedScene" uid="uid://b26cp4qgk870v" path="res://Characters/Kitchen/Kitchen_NPC/NPC_Kitchen_Male.glb" id="5_cyos5"]

[sub_resource type="Resource" id="Resource_n7pet"]
resource_local_to_scene = true
script = ExtResource("3_c1yn5")
Team = "Kitchen"
max_health = 100
single_fire = true
base_damage = 10
special_damage = 0
projectile_damage = 20
projectile_speed = 40.0
max_ammo = 20
move_speed = 7.0
acceleration = 0.1
gravity = 30.0
dodge_force = 15.0
punch_force = 8.0

[sub_resource type="CapsuleShape3D" id="CapsuleShape3D_wvj7k"]
radius = 0.0251324
height = 0.251324

[sub_resource type="CapsuleShape3D" id="CapsuleShape3D_ijfli"]
radius = 0.0225596
height = 0.225596

[sub_resource type="CapsuleShape3D" id="CapsuleShape3D_cu71f"]
radius = 0.0285449
height = 0.285449

[sub_resource type="CapsuleShape3D" id="CapsuleShape3D_d6xpm"]
radius = 0.031796
height = 0.31796

[sub_resource type="CapsuleShape3D" id="CapsuleShape3D_5wr51"]
radius = 0.0109241
height = 0.109241

[sub_resource type="CapsuleShape3D" id="CapsuleShape3D_btqe8"]
radius = 0.0103524
height = 0.103524

[sub_resource type="CapsuleShape3D" id="CapsuleShape3D_l7mar"]
radius = 0.033142
height = 0.33142

[sub_resource type="CapsuleShape3D" id="CapsuleShape3D_7468i"]
radius = 0.0446285
height = 0.446285

[sub_resource type="CapsuleShape3D" id="CapsuleShape3D_1n3pc"]
radius = 0.0493218
height = 0.493218

[sub_resource type="CapsuleShape3D" id="CapsuleShape3D_7exwn"]
radius = 0.033143
height = 0.33143

[sub_resource type="CapsuleShape3D" id="CapsuleShape3D_dy8jt"]
radius = 0.0446286
height = 0.446286

[sub_resource type="CapsuleShape3D" id="CapsuleShape3D_xai8i"]
radius = 0.0493218
height = 0.493218

[sub_resource type="CapsuleShape3D" id="CapsuleShape3D_fd071"]
radius = 0.0858133
height = 0.858133

[sub_resource type="CapsuleShape3D" id="CapsuleShape3D_uvjs2"]
radius = 0.0799078
height = 0.799078

[sub_resource type="CapsuleShape3D" id="CapsuleShape3D_d56ph"]
radius = 0.0219582
height = 0.219582

[sub_resource type="CapsuleShape3D" id="CapsuleShape3D_8bdw1"]
radius = 0.0858133
height = 0.858133

[sub_resource type="CapsuleShape3D" id="CapsuleShape3D_88f3m"]
radius = 0.0799078
height = 0.799078

[sub_resource type="CapsuleShape3D" id="CapsuleShape3D_2yars"]
radius = 0.0219582
height = 0.219582

[sub_resource type="SphereShape3D" id="SphereShape3D_rinjt"]

[sub_resource type="AnimationNodeStateMachinePlayback" id="AnimationNodeStateMachinePlayback_cafs0"]

[node name="KitchenDude" instance=ExtResource("1_r08ty")]
collision_layer = 258
collision_mask = 3811
script = ExtResource("2_sagpd")
character_stats = SubResource("Resource_n7pet")
projectile = ExtResource("4_jy0yt")

[node name="NPC_Kitchen_Male" parent="." index="1" instance=ExtResource("5_cyos5")]
transform = Transform3D(-0.6, 0, -5.24537e-08, 0, 0.6, 0, 5.24537e-08, 0, -0.6, 0, 0, 0)

[node name="Skeleton3D" parent="NPC_Kitchen_Male/Kitchen_Male" index="0"]
bones/0/position = Vector3(5.28339e-06, -0.337236, -0.507286)
bones/0/rotation = Quaternion(0.115415, -0.395018, 0.0500992, 0.910017)
bones/1/rotation = Quaternion(-0.0770285, 0.256698, -0.0394067, 0.962611)
bones/5/rotation = Quaternion(-0.0943413, 0.100049, -0.029062, 0.990073)
bones/6/rotation = Quaternion(-0.0666379, -0.0721479, 0.00171148, 0.995164)
bones/8/rotation = Quaternion(-0.0787481, 0.40422, -0.765248, 0.494772)
bones/9/rotation = Quaternion(0.675988, 0.251765, 0.21868, 0.657141)
bones/10/rotation = Quaternion(0.220691, -0.0901128, 0.0890432, 0.967082)
bones/12/rotation = Quaternion(-0.29605, -0.637341, 0.569182, 0.426829)
bones/13/rotation = Quaternion(0.62666, 0.245903, 0.480599, 0.562008)
bones/14/rotation = Quaternion(-0.0109359, -0.215798, 0.439103, 0.872067)
bones/17/rotation = Quaternion(0.935441, 0.196815, -0.0317898, 0.291896)
bones/18/rotation = Quaternion(0.230466, 0.0235546, 0.152284, 0.960802)
bones/19/rotation = Quaternion(-0.328352, -0.397119, 0.0791105, 0.85336)
bones/20/rotation = Quaternion(-0.0747838, 0.902524, -0.422139, -0.0407024)
bones/21/rotation = Quaternion(0.994107, -0.0760436, -0.008948, 0.0767322)
bones/22/rotation = Quaternion(0.133189, -0.00543048, 0.0551793, 0.989539)
bones/23/rotation = Quaternion(-0.589041, 0.0370052, -0.112365, 0.799397)
bones/24/rotation = Quaternion(0.0481281, 0.972517, -0.184381, -0.133785)

[node name="Physical Bone Hips" type="PhysicalBone3D" parent="NPC_Kitchen_Male/Kitchen_Male/Skeleton3D" index="1"]
transform = Transform3D(0.682885, -0.707381, 0.182364, -0.000603117, -0.249638, -0.968336, 0.730507, 0.66128, -0.170478, -0.022911, -0.215607, -0.485615)
collision_layer = 8
collision_mask = 9
joint_type = 3
joint_offset = Transform3D(1, 0, 0, 0, 1, 0, 0, 0, 1, -0.000181402, -0.000177762, 0.125652)
body_offset = Transform3D(0.999986, -1.19209e-07, -5.96046e-08, -0.000581786, 4.61936e-07, -0.999997, 0.000160187, 0.999999, -7.45058e-08, 0.000181407, 0.125652, 0.000177801)
bounce = 0.84
angular_damp = 10.0
bone_name = "Hips"
joint_constraints/angular_limit_enabled = true
joint_constraints/angular_limit_upper = 40.0
joint_constraints/angular_limit_lower = -40.0
joint_constraints/angular_limit_bias = 0.3
joint_constraints/angular_limit_softness = 0.9
joint_constraints/angular_limit_relaxation = 1.0

[node name="CollisionShape3D" type="CollisionShape3D" parent="NPC_Kitchen_Male/Kitchen_Male/Skeleton3D/Physical Bone Hips" index="0"]
transform = Transform3D(1, 0, 0, 0, 0, 1, 0, -1, 0, 0, 0, 0)
shape = SubResource("CapsuleShape3D_wvj7k")

[node name="Physical Bone spine001" type="PhysicalBone3D" parent="NPC_Kitchen_Male/Kitchen_Male/Skeleton3D" index="2"]
transform = Transform3D(0.956681, -0.287392, 0.0355922, 0.010091, -0.0897133, -0.99513, 0.289419, 0.952859, -0.0829777, -0.0498249, 0.0183918, -0.454868)
collision_layer = 8
collision_mask = 9
joint_type = 3
joint_offset = Transform3D(1, 0, 0, 0, 1, 0, 0, 0, 1, -7.82029e-05, -0.000197302, 0.112827)
body_offset = Transform3D(0.999552, -0.000120014, -4.79817e-06, 1.95019e-06, -9.45479e-06, -0.999218, 4.81606e-05, 0.999292, -2.80514e-05, 7.86856e-05, 0.112739, 0.000200331)
bounce = 0.84
angular_damp = 10.0
bone_name = "spine.001"
joint_constraints/angular_limit_enabled = true
joint_constraints/angular_limit_upper = 40.0
joint_constraints/angular_limit_lower = -40.0
joint_constraints/angular_limit_bias = 0.3
joint_constraints/angular_limit_softness = 0.9
joint_constraints/angular_limit_relaxation = 1.0

[node name="CollisionShape3D" type="CollisionShape3D" parent="NPC_Kitchen_Male/Kitchen_Male/Skeleton3D/Physical Bone spine001" index="0"]
transform = Transform3D(1, 0, 0, 0, 0, 1, 0, -1, 0, 0, 0, 0)
shape = SubResource("CapsuleShape3D_ijfli")

[node name="Physical Bone spine002" type="PhysicalBone3D" parent="NPC_Kitchen_Male/Kitchen_Male/Skeleton3D" index="3"]
transform = Transform3D(0.956553, -0.289425, -0.00920807, 0.0100941, 0.0650961, -0.997031, 0.289398, 0.954244, 0.0652212, -0.052531, 0.272296, -0.454786)
collision_layer = 8
collision_mask = 9
joint_type = 3
joint_offset = Transform3D(1, 0, 0, 0, 1, 0, 0, 0, 1, -7.64625e-05, -0.000167507, 0.141901)
body_offset = Transform3D(0.999423, -0.000101447, 5.99772e-07, -2.17743e-06, 8.49366e-07, -0.999205, 6.49691e-05, 0.999293, 1.11759e-08, 7.63163e-05, 0.141788, 0.000167392)
bounce = 0.84
angular_damp = 10.0
bone_name = "spine.002"
joint_constraints/angular_limit_enabled = true
joint_constraints/angular_limit_upper = 40.0
joint_constraints/angular_limit_lower = -40.0
joint_constraints/angular_limit_bias = 0.3
joint_constraints/angular_limit_softness = 0.9
joint_constraints/angular_limit_relaxation = 1.0

[node name="CollisionShape3D" type="CollisionShape3D" parent="NPC_Kitchen_Male/Kitchen_Male/Skeleton3D/Physical Bone spine002" index="0"]
transform = Transform3D(1, 0, 0, 0, 0, 1, 0, -1, 0, 0, 0, 0)
shape = SubResource("CapsuleShape3D_cu71f")

[node name="Physical Bone Chest" type="PhysicalBone3D" parent="NPC_Kitchen_Male/Kitchen_Male/Skeleton3D" index="4"]
transform = Transform3D(0.956602, -0.289469, -0.00827478, 0.0100954, 0.0618526, -0.99731, 0.289427, 0.954509, 0.0621277, -0.0498968, 0.573501, -0.473987)
collision_layer = 8
collision_mask = 9
joint_type = 3
joint_offset = Transform3D(1, 0, 0, 0, 1, 0, 0, 0, 1, -7.94642e-05, -0.000176254, 0.158282)
body_offset = Transform3D(0.999479, -0.000100285, -4.51505e-06, -2.09361e-06, -9.83477e-07, -0.999278, 7.86483e-05, 0.999353, 9.55537e-06, 8.01198e-05, 0.158168, 0.000174634)
bounce = 0.84
angular_damp = 10.0
bone_name = "Chest"
joint_constraints/angular_limit_enabled = true
joint_constraints/angular_limit_upper = 40.0
joint_constraints/angular_limit_lower = -40.0
joint_constraints/angular_limit_bias = 0.3
joint_constraints/angular_limit_softness = 0.9
joint_constraints/angular_limit_relaxation = 1.0

[node name="CollisionShape3D" type="CollisionShape3D" parent="NPC_Kitchen_Male/Kitchen_Male/Skeleton3D/Physical Bone Chest" index="0"]
transform = Transform3D(1, 0, 0, 0, 0, 1, 0, -1, 0, 0, 0, 0)
shape = SubResource("CapsuleShape3D_d6xpm")

[node name="Physical Bone spine004" type="PhysicalBone3D" parent="NPC_Kitchen_Male/Kitchen_Male/Skeleton3D" index="5"]
transform = Transform3D(0.956667, -0.26915, 0.106768, 0.0100926, -0.337313, -0.940647, 0.289415, 0.901494, -0.32013, -0.0544221, 0.783435, -0.466356)
collision_layer = 8
collision_mask = 9
joint_type = 3
joint_offset = Transform3D(1, 0, 0, 0, 1, 0, 0, 0, 1, -7.86358e-05, -0.000547205, 0.0538477)
body_offset = Transform3D(0.999537, -3.11434e-05, 1.29566e-05, 1.58325e-05, 5.17666e-05, -0.99935, 4.58956e-05, 0.999457, 1.29044e-05, 7.78846e-05, 0.0538127, 0.000546217)
bounce = 0.84
angular_damp = 10.0
bone_name = "spine.004"
joint_constraints/angular_limit_enabled = true
joint_constraints/angular_limit_upper = 40.0
joint_constraints/angular_limit_lower = -40.0
joint_constraints/angular_limit_bias = 0.3
joint_constraints/angular_limit_softness = 0.9
joint_constraints/angular_limit_relaxation = 1.0

[node name="CollisionShape3D" type="CollisionShape3D" parent="NPC_Kitchen_Male/Kitchen_Male/Skeleton3D/Physical Bone spine004" index="0"]
transform = Transform3D(1, 0, 0, 0, 0, 1, 0, -1, 0, 0, 0, 0)
shape = SubResource("CapsuleShape3D_5wr51")

[node name="Physical Bone spine005" type="PhysicalBone3D" parent="NPC_Kitchen_Male/Kitchen_Male/Skeleton3D" index="6"]
transform = Transform3D(0.995972, -0.0834735, 0.0158586, 0.00295823, -0.152289, -0.987597, 0.0849602, 0.984043, -0.151483, -0.0610628, 0.886302, -0.441027)
collision_layer = 8
collision_mask = 9
joint_type = 3
joint_offset = Transform3D(1, 0, 0, 0, 1, 0, 0, 0, 1, -4.80274e-05, -0.000333799, 0.0511966)
body_offset = Transform3D(0.999594, 1.03414e-05, -8.76375e-07, -4.06988e-06, -4.28855e-05, -0.999273, 6.19888e-06, 0.99925, -3.14116e-05, 4.80562e-05, 0.0511594, 0.000335157)
bounce = 0.84
angular_damp = 10.0
bone_name = "spine.005"
joint_constraints/angular_limit_enabled = true
joint_constraints/angular_limit_upper = 40.0
joint_constraints/angular_limit_lower = -40.0
joint_constraints/angular_limit_bias = 0.3
joint_constraints/angular_limit_softness = 0.9
joint_constraints/angular_limit_relaxation = 1.0

[node name="CollisionShape3D" type="CollisionShape3D" parent="NPC_Kitchen_Male/Kitchen_Male/Skeleton3D/Physical Bone spine005" index="0"]
transform = Transform3D(1, 0, 0, 0, 0, 1, 0, -1, 0, 0, 0, 0)
shape = SubResource("CapsuleShape3D_btqe8")

[node name="Physical Bone shoulderL" type="PhysicalBone3D" parent="NPC_Kitchen_Male/Kitchen_Male/Skeleton3D" index="7"]
transform = Transform3D(-0.0149172, 0.0830208, -0.99601, 0.99617, -0.0768986, -0.02134, -0.0783916, -0.992986, -0.0816308, 0.107216, 0.652754, -0.332481)
collision_layer = 8
collision_mask = 9
joint_type = 3
joint_offset = Transform3D(1, 0, 0, 0, 1, 0, 0, 0, 1, 0.000851273, 0.000202869, 0.16573)
body_offset = Transform3D(-0.0458583, -0.962043, -0.266881, 7.33137e-06, 0.267109, -0.963213, 0.998309, -0.0441951, -0.0122538, 0.0444643, 0.159579, 0.00118995)
bounce = 0.84
angular_damp = 10.0
bone_name = "shoulder.L"
joint_constraints/angular_limit_enabled = true
joint_constraints/angular_limit_upper = 40.0
joint_constraints/angular_limit_lower = -40.0
joint_constraints/angular_limit_bias = 0.3
joint_constraints/angular_limit_softness = 0.9
joint_constraints/angular_limit_relaxation = 1.0

[node name="CollisionShape3D" type="CollisionShape3D" parent="NPC_Kitchen_Male/Kitchen_Male/Skeleton3D/Physical Bone shoulderL" index="0"]
transform = Transform3D(1, 0, 0, 0, 0, 1, 0, -1, 0, 0, 0, 0)
shape = SubResource("CapsuleShape3D_l7mar")

[node name="Physical Bone upper_armL" type="PhysicalBone3D" parent="NPC_Kitchen_Male/Kitchen_Male/Skeleton3D" index="8"]
transform = Transform3D(-0.896837, -0.438054, 0.0464203, -0.295821, 0.677784, 0.672384, -0.326025, 0.589528, -0.738329, 0.261598, 0.50642, -0.154176)
collision_layer = 8
collision_mask = 9
joint_type = 3
joint_offset = Transform3D(1, 0, 0, 0, 1, 0, 0, 0, 1, -0.00048993, 8.62453e-05, 0.223834)
body_offset = Transform3D(0.999059, 0.000119492, -2.563e-05, -0.000202104, -0.000131071, -0.999693, 4.02331e-05, 0.999414, 5.96046e-08, 0.000495195, 0.223765, -8.61883e-05)
bounce = 0.84
angular_damp = 10.0
bone_name = "upper_arm.L"
joint_constraints/angular_limit_enabled = true
joint_constraints/angular_limit_upper = 40.0
joint_constraints/angular_limit_lower = -40.0
joint_constraints/angular_limit_bias = 0.3
joint_constraints/angular_limit_softness = 0.9
joint_constraints/angular_limit_relaxation = 1.0

[node name="CollisionShape3D" type="CollisionShape3D" parent="NPC_Kitchen_Male/Kitchen_Male/Skeleton3D/Physical Bone upper_armL" index="0"]
transform = Transform3D(1, 0, 0, 0, 0, 1, 0, -1, 0, 0, 0, 0)
shape = SubResource("CapsuleShape3D_7468i")

[node name="Physical Bone forearmL" type="PhysicalBone3D" parent="NPC_Kitchen_Male/Kitchen_Male/Skeleton3D" index="9"]
transform = Transform3D(-0.711452, -0.508185, 0.484579, -0.676272, 0.31015, -0.667616, 0.189133, -0.803038, -0.564538, 0.132073, 0.521046, 0.149584)
collision_layer = 8
collision_mask = 9
joint_type = 3
joint_offset = Transform3D(1, 0, 0, 0, 1, 0, 0, 0, 1, -0.000445562, 0.000105722, 0.246277)
body_offset = Transform3D(0.99964, -8.47578e-05, -5.40316e-05, -1.66222e-05, -0.000113755, -0.999616, 6.13928e-06, 0.999658, -8.49664e-05, 0.000458717, 0.246182, -8.47578e-05)
bounce = 0.84
angular_damp = 10.0
bone_name = "forearm.L"
joint_constraints/angular_limit_enabled = true
joint_constraints/angular_limit_upper = 40.0
joint_constraints/angular_limit_lower = -40.0
joint_constraints/angular_limit_bias = 0.3
joint_constraints/angular_limit_softness = 0.9
joint_constraints/angular_limit_relaxation = 1.0

[node name="CollisionShape3D" type="CollisionShape3D" parent="NPC_Kitchen_Male/Kitchen_Male/Skeleton3D/Physical Bone forearmL" index="0"]
transform = Transform3D(1, 0, 0, 0, 0, 1, 0, -1, 0, 0, 0, 0)
shape = SubResource("CapsuleShape3D_1n3pc")

[node name="Physical Bone shoulderR" type="PhysicalBone3D" parent="NPC_Kitchen_Male/Kitchen_Male/Skeleton3D" index="10"]
transform = Transform3D(-0.0366079, 0.482518, 0.871668, -0.99675, -0.0726649, -0.00161413, 0.0628222, -0.871587, 0.48321, -0.260661, 0.648919, -0.443904)
collision_layer = 8
collision_mask = 9
joint_type = 3
joint_offset = Transform3D(1, 0, 0, 0, 1, 0, 0, 0, 1, -0.000802363, 0.00014759, 0.166203)
body_offset = Transform3D(-0.0458715, 0.961561, 0.26555, -1.017e-05, 0.266862, -0.960538, -0.998346, -0.0441939, -0.012247, -0.044314, 0.159605, 0.00124097)
bounce = 0.84
angular_damp = 10.0
bone_name = "shoulder.R"
joint_constraints/angular_limit_enabled = true
joint_constraints/angular_limit_upper = 40.0
joint_constraints/angular_limit_lower = -40.0
joint_constraints/angular_limit_bias = 0.3
joint_constraints/angular_limit_softness = 0.9
joint_constraints/angular_limit_relaxation = 1.0

[node name="CollisionShape3D" type="CollisionShape3D" parent="NPC_Kitchen_Male/Kitchen_Male/Skeleton3D/Physical Bone shoulderR" index="0"]
transform = Transform3D(1, 0, 0, 0, 0, 1, 0, -1, 0, 0, 0, 0)
shape = SubResource("CapsuleShape3D_7exwn")

[node name="Physical Bone upper_armR" type="PhysicalBone3D" parent="NPC_Kitchen_Male/Kitchen_Male/Skeleton3D" index="11"]
transform = Transform3D(-0.937323, -0.279222, 0.206534, 0.202823, 0.0424339, 0.977848, -0.281996, 0.958905, 0.0168803, -0.451697, 0.431033, -0.5279)
collision_layer = 8
collision_mask = 9
joint_type = 3
joint_offset = Transform3D(1, 0, 0, 0, 1, 0, 0, 0, 1, 0.000227837, -0.00013299, 0.223857)
body_offset = Transform3D(0.999617, 3.78489e-05, -4.57768e-05, -2.61678e-05, 4.45973e-05, -0.999565, -0.000117779, 0.999633, 5.61383e-05, -0.000217497, 0.22376, 0.000120401)
bounce = 0.84
angular_damp = 10.0
bone_name = "upper_arm.R"
joint_constraints/angular_limit_enabled = true
joint_constraints/angular_limit_upper = 40.0
joint_constraints/angular_limit_lower = -40.0
joint_constraints/angular_limit_bias = 0.3
joint_constraints/angular_limit_softness = 0.9
joint_constraints/angular_limit_relaxation = 1.0

[node name="CollisionShape3D" type="CollisionShape3D" parent="NPC_Kitchen_Male/Kitchen_Male/Skeleton3D/Physical Bone upper_armR" index="0"]
transform = Transform3D(1, 0, 0, 0, 0, 1, 0, -1, 0, 0, 0, 0)
shape = SubResource("CapsuleShape3D_dy8jt")

[node name="Physical Bone forearmR" type="PhysicalBone3D" parent="NPC_Kitchen_Male/Kitchen_Male/Skeleton3D" index="12"]
transform = Transform3D(-0.657131, -0.753064, -0.00581569, -0.731133, 0.639794, -0.234692, 0.18063, -0.150016, -0.971344, -0.496265, 0.270716, -0.290969)
collision_layer = 8
collision_mask = 9
joint_type = 3
joint_offset = Transform3D(1, 0, 0, 0, 1, 0, 0, 0, 1, -0.000539608, 0.000649197, 0.247756)
body_offset = Transform3D(0.999502, -3.26857e-05, -9.55164e-05, -5.47916e-05, -5.64754e-06, -0.999312, 2.2294e-05, 0.999474, -6.39409e-05, 0.000563025, 0.247585, -0.000633001)
bounce = 0.84
angular_damp = 10.0
bone_name = "forearm.R"
joint_constraints/angular_limit_enabled = true
joint_constraints/angular_limit_upper = 40.0
joint_constraints/angular_limit_lower = -40.0
joint_constraints/angular_limit_bias = 0.3
joint_constraints/angular_limit_softness = 0.9
joint_constraints/angular_limit_relaxation = 1.0

[node name="CollisionShape3D" type="CollisionShape3D" parent="NPC_Kitchen_Male/Kitchen_Male/Skeleton3D/Physical Bone forearmR" index="0"]
transform = Transform3D(1, 0, 0, 0, 0, 1, 0, -1, 0, 0, 0, 0)
shape = SubResource("CapsuleShape3D_xai8i")

[node name="Physical Bone Left_Thigh" type="PhysicalBone3D" parent="NPC_Kitchen_Male/Kitchen_Male/Skeleton3D" index="13"]
transform = Transform3D(0.687822, 0.724943, -0.023842, 0.381823, -0.334167, 0.861058, 0.616346, -0.60162, -0.506771, 0.0269399, -0.596979, -0.0835529)
collision_layer = 8
collision_mask = 9
joint_type = 3
joint_offset = Transform3D(1, 0, 0, 0, 1, 0, 0, 0, 1, -0.000151401, 0.000196924, 0.42952)
body_offset = Transform3D(0.999385, 0.000170946, 7.38204e-05, 4.65214e-05, 4.40776e-05, -0.999403, 6.21676e-05, 0.999577, -9.38475e-05, 0.000119567, 0.429264, -0.000156522)
bounce = 0.84
angular_damp = 10.0
bone_name = "Left_Thigh"
joint_constraints/angular_limit_enabled = true
joint_constraints/angular_limit_upper = 40.0
joint_constraints/angular_limit_lower = -40.0
joint_constraints/angular_limit_bias = 0.3
joint_constraints/angular_limit_softness = 0.9
joint_constraints/angular_limit_relaxation = 1.0

[node name="CollisionShape3D" type="CollisionShape3D" parent="NPC_Kitchen_Male/Kitchen_Male/Skeleton3D/Physical Bone Left_Thigh" index="0"]
transform = Transform3D(1, 0, 0, 0, 0, 1, 0, -1, 0, 0, 0, 0)
shape = SubResource("CapsuleShape3D_fd071")

[node name="Physical Bone shinL" type="PhysicalBone3D" parent="NPC_Kitchen_Male/Kitchen_Male/Skeleton3D" index="14"]
transform = Transform3D(0.680406, 0.716063, -0.152532, 0.0941236, 0.12095, 0.987554, 0.726108, -0.686649, 0.0148154, 0.0981006, -1.36083, 0.127774)
collision_layer = 8
collision_mask = 9
joint_type = 3
joint_offset = Transform3D(1, 0, 0, 0, 1, 0, 0, 0, 1, 6.8772e-05, -7.61289e-05, 0.399248)
body_offset = Transform3D(0.999522, 0.00015083, -7.9059e-05, -5.13624e-06, 1.72239e-05, -0.999374, -0.000134379, 0.99943, 6.76904e-05, -3.71635e-05, 0.398998, 4.90695e-05)
bounce = 0.84
angular_damp = 10.0
bone_name = "shin.L"
joint_constraints/angular_limit_enabled = true
joint_constraints/angular_limit_upper = 40.0
joint_constraints/angular_limit_lower = -40.0
joint_constraints/angular_limit_bias = 0.3
joint_constraints/angular_limit_softness = 0.9
joint_constraints/angular_limit_relaxation = 1.0

[node name="CollisionShape3D" type="CollisionShape3D" parent="NPC_Kitchen_Male/Kitchen_Male/Skeleton3D/Physical Bone shinL" index="0"]
transform = Transform3D(1, 0, 0, 0, 0, 1, 0, -1, 0, 0, 0, 0)
shape = SubResource("CapsuleShape3D_uvjs2")

[node name="Physical Bone footL" type="PhysicalBone3D" parent="NPC_Kitchen_Male/Kitchen_Male/Skeleton3D" index="15"]
transform = Transform3D(0.964792, -0.0848726, 0.242838, -0.251094, -0.503413, 0.825844, 0.0515146, -0.8593, -0.507789, 0.132444, -1.84633, 0.177717)
collision_layer = 8
collision_mask = 9
joint_type = 3
joint_offset = Transform3D(1, 0, 0, 0, 1, 0, 0, 0, 1, 0.000170165, 0.000348286, 0.109425)
body_offset = Transform3D(0.99826, 1.27181e-05, -5.97127e-05, -0.000825044, -2.5034e-06, -0.99942, 0.00023976, 0.999512, -9.86457e-06, -0.000163339, 0.109362, -0.000347078)
bounce = 0.84
angular_damp = 10.0
bone_name = "foot.L"
joint_constraints/angular_limit_enabled = true
joint_constraints/angular_limit_upper = 40.0
joint_constraints/angular_limit_lower = -40.0
joint_constraints/angular_limit_bias = 0.3
joint_constraints/angular_limit_softness = 0.9
joint_constraints/angular_limit_relaxation = 1.0

[node name="CollisionShape3D" type="CollisionShape3D" parent="NPC_Kitchen_Male/Kitchen_Male/Skeleton3D/Physical Bone footL" index="0"]
transform = Transform3D(1, 0, 0, 0, 0, 1, 0, -1, 0, 0, 0, 0)
shape = SubResource("CapsuleShape3D_d56ph")

[node name="Physical Bone Right_Thigh" type="PhysicalBone3D" parent="NPC_Kitchen_Male/Kitchen_Male/Skeleton3D" index="16"]
transform = Transform3D(0.706569, 0.706084, 0.0330654, -0.146126, 0.10018, 0.983491, 0.691581, -0.70018, 0.174057, -0.218418, -0.64938, -0.612435)
collision_layer = 8
collision_mask = 9
joint_type = 3
joint_offset = Transform3D(1, 0, 0, 0, 1, 0, 0, 0, 1, -0.000102364, 5.22327e-05, 0.429184)
body_offset = Transform3D(0.999438, 0.000140667, 1.44839e-05, -9.6187e-06, -1.11014e-05, -0.999321, -0.000114262, 0.99942, -9.30578e-06, 9.60827e-05, 0.428893, -4.82202e-05)
bounce = 0.84
angular_damp = 10.0
bone_name = "Right_Thigh"
joint_constraints/angular_limit_enabled = true
joint_constraints/angular_limit_upper = 40.0
joint_constraints/angular_limit_lower = -40.0
joint_constraints/angular_limit_bias = 0.3
joint_constraints/angular_limit_softness = 0.9
joint_constraints/angular_limit_relaxation = 1.0

[node name="CollisionShape3D" type="CollisionShape3D" parent="NPC_Kitchen_Male/Kitchen_Male/Skeleton3D/Physical Bone Right_Thigh" index="0"]
transform = Transform3D(1, 0, 0, 0, 0, 1, 0, -1, 0, 0, 0, 0)
shape = SubResource("CapsuleShape3D_8bdw1")

[node name="Physical Bone shinR" type="PhysicalBone3D" parent="NPC_Kitchen_Male/Kitchen_Male/Skeleton3D" index="17"]
transform = Transform3D(0.716695, 0.692569, -0.0757876, -0.24867, 0.355955, 0.900245, 0.650756, -0.626616, 0.427501, -0.202182, -1.43121, -0.857887)
collision_layer = 8
collision_mask = 9
joint_type = 3
joint_offset = Transform3D(1, 0, 0, 0, 1, 0, 0, 0, 1, -0.000204894, -9.91854e-05, 0.39922)
body_offset = Transform3D(0.999486, 0.000132889, -1.5676e-05, -3.3915e-05, -5.80251e-05, -0.999471, -6.14524e-05, 0.999501, 2.20239e-05, 0.00021106, 0.399009, 9.03308e-05)
bounce = 0.84
angular_damp = 10.0
bone_name = "shin.R"
joint_constraints/angular_limit_enabled = true
joint_constraints/angular_limit_upper = 40.0
joint_constraints/angular_limit_lower = -40.0
joint_constraints/angular_limit_bias = 0.3
joint_constraints/angular_limit_softness = 0.9
joint_constraints/angular_limit_relaxation = 1.0

[node name="CollisionShape3D" type="CollisionShape3D" parent="NPC_Kitchen_Male/Kitchen_Male/Skeleton3D/Physical Bone shinR" index="0"]
transform = Transform3D(1, 0, 0, 0, 0, 1, 0, -1, 0, 0, 0, 0)
shape = SubResource("CapsuleShape3D_88f3m")

[node name="Physical Bone footR" type="PhysicalBone3D" parent="NPC_Kitchen_Male/Kitchen_Male/Skeleton3D" index="18"]
transform = Transform3D(0.730234, 0.417997, 0.539092, -0.0146782, -0.779945, 0.624752, 0.682107, -0.464512, -0.563744, -0.231222, -1.85947, -0.966512)
collision_layer = 8
collision_mask = 9
joint_type = 3
joint_offset = Transform3D(1, 0, 0, 0, 1, 0, 0, 0, 1, -0.000479239, 0.000830228, 0.109753)
body_offset = Transform3D(0.999363, -3.87132e-05, 0.000105202, 0.00014627, 2.32756e-05, -0.99937, -0.000124335, 0.999403, -4.45843e-05, 0.00046742, 0.109684, -0.000824898)
bounce = 0.84
angular_damp = 10.0
bone_name = "foot.R"
joint_constraints/angular_limit_enabled = true
joint_constraints/angular_limit_upper = 40.0
joint_constraints/angular_limit_lower = -40.0
joint_constraints/angular_limit_bias = 0.3
joint_constraints/angular_limit_softness = 0.9
joint_constraints/angular_limit_relaxation = 1.0

[node name="CollisionShape3D" type="CollisionShape3D" parent="NPC_Kitchen_Male/Kitchen_Male/Skeleton3D/Physical Bone footR" index="0"]
transform = Transform3D(1, 0, 0, 0, 0, 1, 0, -1, 0, 0, 0, 0)
shape = SubResource("CapsuleShape3D_2yars")

[node name="LeftHookAttachment" type="BoneAttachment3D" parent="NPC_Kitchen_Male/Kitchen_Male/Skeleton3D" index="19"]
transform = Transform3D(-0.861672, -0.487787, -0.139945, -0.500058, 0.863114, 0.0705291, 0.0863854, 0.130754, -0.987644, 0.0126224, 0.686374, 0.288958)
bone_name = "hand.L"
bone_idx = 10

[node name="LeftHook" type="Area3D" parent="NPC_Kitchen_Male/Kitchen_Male/Skeleton3D/LeftHookAttachment" index="0"]
transform = Transform3D(-0.614473, 0.661211, -0.430374, 0.0344843, 0.5675, 0.82265, 0.788183, 0.490655, -0.371515, -0.136715, 0.645043, -0.14151)
collision_layer = 4
collision_mask = 3

[node name="CollisionShape3D" type="CollisionShape3D" parent="NPC_Kitchen_Male/Kitchen_Male/Skeleton3D/LeftHookAttachment/LeftHook" index="0"]
shape = SubResource("SphereShape3D_rinjt")

[node name="RightHookAttachment" type="BoneAttachment3D" parent="NPC_Kitchen_Male/Kitchen_Male/Skeleton3D" index="20"]
transform = Transform3D(-0.614474, 0.661211, -0.430373, 0.0344852, 0.5675, 0.82265, 0.788182, 0.490656, -0.371516, -0.494915, 0.329228, -0.05241)
bone_name = "hand.R"
bone_idx = 14

[node name="RightHook" type="Area3D" parent="NPC_Kitchen_Male/Kitchen_Male/Skeleton3D/RightHookAttachment" index="0"]
transform = Transform3D(1, 0, -5.96046e-08, 0, 1, 2.23517e-07, -5.96046e-08, -8.9407e-08, 1, 0.402661, 0.524769, -4.76837e-07)
collision_layer = 4
collision_mask = 3

[node name="CollisionShape3D" type="CollisionShape3D" parent="NPC_Kitchen_Male/Kitchen_Male/Skeleton3D/RightHookAttachment/RightHook" index="0"]
shape = SubResource("SphereShape3D_rinjt")

[node name="NPC_Meat_Female2" parent="." index="3"]
visible = false

[node name="Meat_Female" parent="NPC_Meat_Female2" index="0"]
visible = false

[node name="Skeleton3D" parent="NPC_Meat_Female2/Meat_Female" index="0"]
visible = false

[node name="Female_Meat" parent="NPC_Meat_Female2/Meat_Female/Skeleton3D" index="0"]
visible = false

[node name="Physical Bone Hips" parent="NPC_Meat_Female2/Meat_Female/Skeleton3D" index="1"]
transform = Transform3D(0.682777, -0.707372, 0.181374, -0.000507759, -0.249629, -0.962694, 0.730455, 0.661258, -0.169408, -0.0226487, -0.237864, -0.518022)
visible = false
joint_offset = Transform3D(1, 0, 0, 0, 1, 0, 0, 0, 1, -0.00262211, -0.00213659, 0.12644)
body_offset = Transform3D(0.999874, -1.00434e-05, 0.000106692, -0.000478417, 4.4331e-06, -0.994171, 0.000179172, 0.999976, -4.69387e-07, 0.00260827, 0.125702, 0.00213706)

[node name="CollisionShape3D" parent="NPC_Meat_Female2/Meat_Female/Skeleton3D/Physical Bone Hips" index="0"]
visible = false

[node name="Physical Bone spine001" parent="NPC_Meat_Female2/Meat_Female/Skeleton3D" index="2"]
transform = Transform3D(0.951601, -0.286118, 0.0352412, 0.0158514, -0.0699679, -0.98696, 0.288107, 0.945843, -0.0625275, -0.0496084, -0.00302434, -0.489871)
visible = false
joint_offset = Transform3D(1, 0, 0, 0, 1, 0, 0, 0, 1, -0.00108457, -0.00274098, 0.114326)
body_offset = Transform3D(0.994385, -0.0013983, -7.34869e-05, 5.10346e-05, -6.46487e-05, -0.989567, 0.00052014, 0.990644, -0.000235025, 0.00108305, 0.113133, 0.00274277)

[node name="CollisionShape3D" parent="NPC_Meat_Female2/Meat_Female/Skeleton3D/Physical Bone spine001" index="0"]
visible = false

[node name="Physical Bone spine002" parent="NPC_Meat_Female2/Meat_Female/Skeleton3D" index="3"]
transform = Transform3D(0.951794, -0.287955, -0.00909559, 0.0158707, 0.0835099, -0.985136, 0.287852, 0.942963, 0.0843744, -0.0523358, 0.242952, -0.494953)
visible = false
joint_offset = Transform3D(1, 0, 0, 0, 1, 0, 0, 0, 1, -0.000929596, -0.00205097, 0.135459)
body_offset = Transform3D(0.994496, -0.00154501, 8.15094e-06, 1.28187e-05, 5.83977e-05, -0.988785, 0.000224799, 0.989479, -3.01376e-05, 0.000920206, 0.13394, 0.00203368)

[node name="CollisionShape3D" parent="NPC_Meat_Female2/Meat_Female/Skeleton3D/Physical Bone spine002" index="0"]
visible = false

[node name="Physical Bone Chest" parent="NPC_Meat_Female2/Meat_Female/Skeleton3D" index="4"]
transform = Transform3D(0.952668, -0.288295, -0.00819368, 0.0158812, 0.0803024, -0.986984, 0.288137, 0.943702, 0.08146, -0.0496203, 0.545645, -0.520205)
visible = false
joint_offset = Transform3D(1, 0, 0, 0, 1, 0, 0, 0, 1, -0.00104512, -0.00223437, 0.153735)
body_offset = Transform3D(0.995415, -0.00170848, -9.70438e-07, 7.86223e-06, 1.84029e-05, -0.990374, 0.000244021, 0.990017, -2.80142e-06, 0.00103666, 0.152255, 0.00221275)

[node name="CollisionShape3D" parent="NPC_Meat_Female2/Meat_Female/Skeleton3D/Physical Bone Chest" index="0"]
visible = false

[node name="Physical Bone spine004" parent="NPC_Meat_Female2/Meat_Female/Skeleton3D" index="5"]
transform = Transform3D(0.949822, -0.267366, 0.105787, 0.0158526, -0.315571, -0.938068, 0.287914, 0.898719, -0.297862, -0.053994, 0.750502, -0.516552)
visible = false
joint_offset = Transform3D(1, 0, 0, 0, 1, 0, 0, 0, 1, -0.00119224, -0.00668854, 0.0447802)
body_offset = Transform3D(0.992626, -0.000992209, 0.000160962, 0.000313587, 0.000363976, -0.989891, 0.000794411, 0.989326, 0.000414312, 0.0011696, 0.0443304, 0.00659955)

[node name="CollisionShape3D" parent="NPC_Meat_Female2/Meat_Female/Skeleton3D/Physical Bone spine004" index="0"]
visible = false

[node name="Physical Bone spine005" parent="NPC_Meat_Female2/Meat_Female/Skeleton3D" index="6"]
transform = Transform3D(0.990936, -0.0817828, 0.0157139, 0.0046704, -0.130836, -0.978719, 0.0845112, 0.973289, -0.130413, -0.0608524, 0.858082, -0.492401)
visible = false
joint_offset = Transform3D(0.999999, 0, 0, 0, 0.999999, 0, 0, 0, 0.999999, -0.000554316, -0.00506598, 0.0456184)
body_offset = Transform3D(0.994544, 0.000535674, 8.8634e-06, 3.01301e-05, -0.000274479, -0.987495, 6.94692e-05, 0.985443, -0.000441134, 0.0005536, 0.0450466, 0.00501239)

[node name="CollisionShape3D" parent="NPC_Meat_Female2/Meat_Female/Skeleton3D/Physical Bone spine005" index="0"]
visible = false

[node name="Physical Bone shoulderL" parent="NPC_Meat_Female2/Meat_Female/Skeleton3D" index="7"]
transform = Transform3D(-0.0148083, 0.0829797, -0.988417, 0.988262, -0.0963172, -0.0228891, -0.0978325, -0.984847, -0.0811517, 0.106603, 0.621493, -0.379212)
visible = false
joint_offset = Transform3D(1, 0, 0, 0, 1, 0, 0, 0, 1, 0.0132044, 0.00280363, 0.166415)
body_offset = Transform3D(-0.045571, -0.955751, -0.265436, 2.42889e-05, 0.265883, -0.955758, 0.992158, -0.0439712, -0.0122131, 0.0474539, 0.158307, -0.0109451)

[node name="CollisionShape3D" parent="NPC_Meat_Female2/Meat_Female/Skeleton3D/Physical Bone shoulderL" index="0"]
visible = false

[node name="Physical Bone upper_armL" parent="NPC_Meat_Female2/Meat_Female/Skeleton3D" index="8"]
transform = Transform3D(-0.897169, -0.432581, 0.0330697, -0.313349, 0.696299, 0.638063, -0.301355, 0.560948, -0.764118, 0.259234, 0.487039, -0.194279)
visible = false
joint_offset = Transform3D(1, 0, 0, 0, 1, 0, 0, 0, 1, -0.00641224, 0.000681974, 0.232828)
body_offset = Transform3D(0.996952, 0.00118436, -0.0005202, -0.00118841, -0.00134492, -0.99604, -0.000315815, 0.993287, 7.98702e-06, 0.006513, 0.231899, -0.000681281)

[node name="CollisionShape3D" parent="NPC_Meat_Female2/Meat_Female/Skeleton3D/Physical Bone upper_armL" index="0"]
visible = false

[node name="Physical Bone forearmL" parent="NPC_Meat_Female2/Meat_Female/Skeleton3D" index="9"]
transform = Transform3D(-0.674776, -0.527144, 0.506107, -0.617126, 0.0425726, -0.778727, 0.391644, -0.844496, -0.356686, 0.131055, 0.53542, 0.0625858)
visible = false
joint_offset = Transform3D(1, 0, 0, 0, 1, 0, 0, 0, 1, -0.00766504, 0.00110628, 0.241329)
body_offset = Transform3D(0.994763, -0.00145569, -0.000865549, -0.000232875, -0.00245968, -0.994879, 0.000136405, 0.996423, -0.00117648, 0.00783539, 0.240094, -0.000817358)

[node name="CollisionShape3D" parent="NPC_Meat_Female2/Meat_Female/Skeleton3D/Physical Bone forearmL" index="0"]
visible = false

[node name="Physical Bone shoulderR" parent="NPC_Meat_Female2/Meat_Female/Skeleton3D" index="10"]
transform = Transform3D(-0.0364812, 0.476134, 0.856941, -0.987094, -0.0892153, 0.0078307, 0.0824467, -0.857055, 0.474825, -0.260743, 0.619009, -0.492522)
visible = false
joint_offset = Transform3D(1, 0, 0, 0, 1, 0, 0, 0, 1, -0.00938594, 0.00101494, 0.16831)
body_offset = Transform3D(-0.0457893, 0.947865, 0.261171, -5.45755e-05, 0.262361, -0.944198, -0.990145, -0.0438815, -0.0121833, -0.0453494, 0.158651, -0.00719833)

[node name="CollisionShape3D" parent="NPC_Meat_Female2/Meat_Female/Skeleton3D/Physical Bone shoulderR" index="0"]
visible = false

[node name="Physical Bone upper_armR" parent="NPC_Meat_Female2/Meat_Female/Skeleton3D" index="11"]
transform = Transform3D(-0.931396, -0.287235, 0.19981, 0.198345, 0.0345828, 0.973665, -0.289002, 0.951871, 0.0253131, -0.450027, 0.399416, -0.5777)
visible = false
joint_offset = Transform3D(1, 0, 0, 0, 1, 0, 0, 0, 1, 0.00300581, -0.00219842, 0.232999)
body_offset = Transform3D(0.995169, 0.000581801, -0.000542837, -0.000246711, 0.000455264, -0.994278, -0.00128931, 0.994866, 0.00083158, -0.00286353, 0.231668, 0.00199725)

[node name="CollisionShape3D" parent="NPC_Meat_Female2/Meat_Female/Skeleton3D/Physical Bone upper_armR" index="0"]
visible = false

[node name="Physical Bone forearmR" parent="NPC_Meat_Female2/Meat_Female/Skeleton3D" index="12"]
transform = Transform3D(-0.647844, -0.752958, 0.0171666, -0.741165, 0.632363, -0.194241, 0.135169, -0.139899, -0.974498, -0.498598, 0.230681, -0.343363)
visible = false
joint_offset = Transform3D(1, 0, 0, 0, 1, 0, 0, 0, 1, -0.00494541, 0.00538386, 0.247218)
body_offset = Transform3D(0.993628, -0.000569724, 0.000417352, -0.000710323, -9.51141e-05, -0.993817, 0.000775333, 0.993177, 0.000483736, 0.00481379, 0.245687, -0.00546288)

[node name="CollisionShape3D" parent="NPC_Meat_Female2/Meat_Female/Skeleton3D/Physical Bone forearmR" index="0"]
visible = false

[node name="Physical Bone Left_Thigh" parent="NPC_Meat_Female2/Meat_Female/Skeleton3D" index="13"]
transform = Transform3D(0.683414, 0.722613, -0.0238936, 0.323358, -0.278499, 0.896963, 0.642537, -0.62369, -0.425223, 0.0264148, -0.637179, -0.149048)
visible = false
joint_offset = Transform3D(1, 0, 0, 0, 1, 0, 0, 0, 1, -0.00208432, 0.00294174, 0.434349)
body_offset = Transform3D(0.992203, 0.00228247, 0.000991702, 0.000497311, 0.000628054, -0.992938, 0.000784278, 0.99434, -0.00124758, 0.0016306, 0.431281, -0.00238156)

[node name="CollisionShape3D" parent="NPC_Meat_Female2/Meat_Female/Skeleton3D/Physical Bone Left_Thigh" index="0"]
visible = false

[node name="Physical Bone shinL" parent="NPC_Meat_Female2/Meat_Female/Skeleton3D" index="14"]
transform = Transform3D(0.672398, 0.698595, -0.149257, 0.0969468, 0.113237, 0.966569, 0.718104, -0.663936, 0.00873351, 0.0894003, -1.37432, 0.0290329)
visible = false
joint_offset = Transform3D(1, 0, 0, 0, 1, 0, 0, 0, 1, 0.00104104, 0.00171156, 0.362464)
body_offset = Transform3D(0.988529, 0.00480273, -0.000533839, -0.000148407, 0.00115623, -0.978064, -0.000835836, 0.970383, 0.000532891, -0.000843823, 0.354511, -0.00185315)

[node name="CollisionShape3D" parent="NPC_Meat_Female2/Meat_Female/Skeleton3D/Physical Bone shinL" index="0"]
visible = false

[node name="Physical Bone footL" parent="NPC_Meat_Female2/Meat_Female/Skeleton3D" index="15"]
transform = Transform3D(0.958791, -0.0846747, 0.240359, -0.210964, -0.79064, 0.558319, 0.144637, -0.588703, -0.785014, 0.132075, -1.8684, 0.108825)
visible = false
joint_offset = Transform3D(1, 0, 0, 0, 1, 0, 0, 0, 1, 0.00221524, 0.00414126, 0.105283)
body_offset = Transform3D(0.992323, 0.000378214, -0.000763044, 0.000118084, -6.83665e-05, -0.992844, 8.84682e-05, 0.989369, 0.000293821, -0.00211947, 0.10453, -0.00412837)

[node name="CollisionShape3D" parent="NPC_Meat_Female2/Meat_Female/Skeleton3D/Physical Bone footL" index="0"]
visible = false

[node name="Physical Bone Right_Thigh" parent="NPC_Meat_Female2/Meat_Female/Skeleton3D" index="16"]
transform = Transform3D(0.698885, 0.70234, 0.0325627, -0.057678, 0.0115261, 0.988085, 0.700231, -0.700435, 0.0490471, -0.218084, -0.674952, -0.592725)
visible = false
joint_offset = Transform3D(1, 0, 0, 0, 1, 0, 0, 0, 1, -0.00139175, 0.0010848, 0.430917)
body_offset = Transform3D(0.991002, 0.00227728, -4.02406e-05, -0.000151992, -0.000126727, -0.989837, -0.00255397, 0.991976, -0.000222486, 0.00139409, 0.426537, -0.000983782)

[node name="CollisionShape3D" parent="NPC_Meat_Female2/Meat_Female/Skeleton3D/Physical Bone Right_Thigh" index="0"]
visible = false

[node name="Physical Bone shinR" parent="NPC_Meat_Female2/Meat_Female/Skeleton3D" index="17"]
transform = Transform3D(0.711661, 0.689209, -0.0751132, -0.280537, 0.385778, 0.871339, 0.63356, -0.601464, 0.47054, -0.199866, -1.45071, -0.800804)
visible = false
joint_offset = Transform3D(1, 0, 0, 0, 1, 0, 0, 0, 1, -0.00299543, -0.00136461, 0.395604)
body_offset = Transform3D(0.993257, 0.00203359, -0.000250757, -0.000469714, -0.000831187, -0.993117, -0.000832856, 0.992767, 0.000541627, 0.00307721, 0.392879, 0.00113797)

[node name="CollisionShape3D" parent="NPC_Meat_Female2/Meat_Female/Skeleton3D/Physical Bone shinR" index="0"]
visible = false

[node name="Physical Bone footR" parent="NPC_Meat_Female2/Meat_Female/Skeleton3D" index="18"]
transform = Transform3D(0.722715, 0.403524, 0.534353, 0.0603834, -0.798778, 0.553511, 0.674597, -0.357427, -0.622026, -0.230793, -1.85881, -0.918929)
visible = false
joint_offset = Transform3D(1, 0, 0, 0, 1, 0, 0, 0, 1, -0.00566188, 0.0102624, 0.109825)
body_offset = Transform3D(0.990475, 0.0034544, 0.00120702, 0.0012182, 0.00385548, -0.989354, -0.00118917, 0.963642, -0.000383869, 0.00543994, 0.108623, -0.00985385)

[node name="CollisionShape3D" parent="NPC_Meat_Female2/Meat_Female/Skeleton3D/Physical Bone footR" index="0"]
visible = false

[node name="RightHookAttachment" parent="NPC_Meat_Female2/Meat_Female/Skeleton3D" index="19"]
transform = Transform3D(-0.631553, 0.64303, -0.433188, -0.00500366, 0.555321, 0.83162, 0.775315, 0.527381, -0.347497, -0.504041, 0.286128, -0.102073)
visible = false

[node name="RightHook" parent="NPC_Meat_Female2/Meat_Female/Skeleton3D/RightHookAttachment" index="0"]
visible = false

[node name="CollisionShape3D" parent="NPC_Meat_Female2/Meat_Female/Skeleton3D/RightHookAttachment/RightHook" index="0"]
