[gd_scene load_steps=7 format=3 uid="uid://0h5em6sfkjjc"]

[ext_resource type="PackedScene" uid="uid://dklaxvd7swq26" path="res://Characters/Character.tscn" id="1_r08ty"]
[ext_resource type="Script" path="res://Characters/Kitchen/kitchen_dude.gd" id="2_sagpd"]
[ext_resource type="Script" path="res://Characters/Resources/character_data.gd" id="3_c1yn5"]
[ext_resource type="PackedScene" uid="uid://dwlxfwet22vsm" path="res://Projectile/Food/fast_food.tscn" id="4_jy0yt"]

[sub_resource type="Resource" id="Resource_n7pet"]
script = ExtResource("3_c1yn5")
Team = "KITCHEN"
max_health = 100
single_fire = false
base_damage = 10
special_damage = 0
projectile_speed = 15.0
projectile_damage = 20
max_ammo = 30
move_speed = 10.0
acceleration = 0.2
gravity = 30.0

[sub_resource type="AnimationNodeStateMachinePlayback" id="AnimationNodeStateMachinePlayback_cshco"]

[node name="KitchenDude" instance=ExtResource("1_r08ty")]
script = ExtResource("2_sagpd")
character_stats = SubResource("Resource_n7pet")
projectile = ExtResource("4_jy0yt")

[node name="Skeleton3D" parent="Human_Template_Male/metarig" index="0"]
bones/6/rotation = Quaternion(-0.0847889, -0.0028242, -0.0076089, 0.996366)
bones/8/position = Vector3(0.0183, 0.139793, 0.0783244)
bones/9/rotation = Quaternion(-0.312045, 0.649102, -0.544663, 0.429694)
bones/10/rotation = Quaternion(0.129565, 0.0485115, -0.081279, 0.987043)
bones/11/rotation = Quaternion(-0.0243313, -0.0279711, -0.0689896, 0.996928)
bones/12/position = Vector3(-0.00346932, 0.0455734, 0.0164307)
bones/12/rotation = Quaternion(0.0566486, 0.718916, 0.0704851, 0.68919)
bones/13/position = Vector3(0.00180202, 0.078071, -0.0074433)
bones/13/rotation = Quaternion(0.368316, -0.109303, -0.0933118, 0.918526)
bones/14/rotation = Quaternion(0.446082, -0.155353, 0.0168038, 0.881245)
bones/15/rotation = Quaternion(0.516362, -0.164087, -0.0219088, 0.840217)
bones/16/rotation = Quaternion(-0.0584705, 0.844629, 0.252627, 0.468362)
bones/17/rotation = Quaternion(0.154636, -0.183161, -0.0381594, 0.970095)
bones/18/rotation = Quaternion(0.220019, -0.198354, 0.0720774, 0.952393)
bones/19/position = Vector3(-0.0063056, 0.0478836, -0.000395747)
bones/19/rotation = Quaternion(0.0245994, 0.708734, 0.0453042, 0.70359)
bones/20/position = Vector3(0.00115946, 0.0744285, -0.00174812)
bones/20/rotation = Quaternion(0.411219, -0.111518, -0.0640329, 0.90242)
bones/21/rotation = Quaternion(0.480827, -0.183785, -0.00288841, 0.857333)
bones/22/rotation = Quaternion(0.461127, -0.192141, -0.0437816, 0.865174)
bones/23/position = Vector3(-0.00524281, 0.0462884, -0.0158962)
bones/23/rotation = Quaternion(-0.0278016, 0.686582, 0.0100445, 0.726452)
bones/24/position = Vector3(0.000427327, 0.0718996, 0.00263913)
bones/24/rotation = Quaternion(0.478242, -0.105038, -0.0573747, 0.870034)
bones/25/rotation = Quaternion(0.446156, -0.160816, -0.0409236, 0.879437)
bones/26/rotation = Quaternion(0.546327, -0.196733, -0.0772342, 0.810468)
bones/27/position = Vector3(-0.00223537, 0.0428857, -0.0306962)
bones/27/rotation = Quaternion(-0.0609088, 0.686362, -0.042615, 0.723451)
bones/28/position = Vector3(-0.00023709, 0.0699704, 0.00659641)
bones/28/rotation = Quaternion(0.502121, -0.159704, -0.00679778, 0.849896)
bones/29/rotation = Quaternion(0.451583, -0.162279, -0.136094, 0.866728)
bones/30/rotation = Quaternion(0.423475, -0.232181, 0.018863, 0.875446)
bones/31/position = Vector3(-0.0183, 0.139793, 0.0783244)
bones/31/rotation = Quaternion(-0.605155, 0.345862, 0.356135, 0.622363)
bones/32/rotation = Quaternion(-0.312045, -0.649102, 0.544663, 0.429694)
bones/33/rotation = Quaternion(0.129565, -0.0485115, 0.0812791, 0.987043)
bones/34/rotation = Quaternion(-0.0243313, 0.0279711, 0.0689896, 0.996928)
bones/35/position = Vector3(0.00346939, 0.0455734, 0.0164307)
bones/35/rotation = Quaternion(0.0566485, -0.718916, -0.0704851, 0.68919)
bones/36/position = Vector3(-0.00180203, 0.0780709, -0.00744328)
bones/36/rotation = Quaternion(0.368316, 0.109303, 0.0933118, 0.918526)
bones/37/rotation = Quaternion(0.446082, 0.155353, -0.0168038, 0.881245)
bones/38/rotation = Quaternion(0.516362, 0.164087, 0.0219089, 0.840217)
bones/39/rotation = Quaternion(-0.0584705, -0.844629, -0.252627, 0.468362)
bones/40/rotation = Quaternion(0.154636, 0.183161, 0.0381594, 0.970095)
bones/41/rotation = Quaternion(0.220019, 0.198354, -0.0720774, 0.952393)
bones/42/position = Vector3(0.00630558, 0.0478836, -0.000395731)
bones/42/rotation = Quaternion(0.0245994, -0.708734, -0.0453042, 0.70359)
bones/43/position = Vector3(-0.00115949, 0.0744287, -0.00174818)
bones/43/rotation = Quaternion(0.411219, 0.111518, 0.0640329, 0.90242)
bones/44/rotation = Quaternion(0.480827, 0.183785, 0.00288843, 0.857333)
bones/45/rotation = Quaternion(0.461127, 0.192141, 0.0437816, 0.865174)
bones/46/position = Vector3(0.00524282, 0.0462883, -0.0158963)
bones/46/rotation = Quaternion(-0.0278016, -0.686582, -0.0100445, 0.726452)
bones/47/position = Vector3(-0.000427292, 0.0718996, 0.00263915)
bones/47/rotation = Quaternion(0.478242, 0.105038, 0.0573747, 0.870034)
bones/48/rotation = Quaternion(0.446156, 0.160816, 0.0409237, 0.879437)
bones/49/rotation = Quaternion(0.546327, 0.196733, 0.0772342, 0.810468)
bones/50/position = Vector3(0.0022354, 0.0428858, -0.0306962)
bones/50/rotation = Quaternion(-0.0609088, -0.686362, 0.042615, 0.723451)
bones/51/position = Vector3(0.000237069, 0.0699703, 0.00659639)
bones/51/rotation = Quaternion(0.502121, 0.159704, 0.00679779, 0.849896)
bones/52/rotation = Quaternion(0.451583, 0.162279, 0.136094, 0.866728)
bones/53/rotation = Quaternion(0.423475, 0.232181, -0.018863, 0.875446)
bones/56/rotation = Quaternion(0.991071, 0.0493749, -0.00578962, 0.123721)
bones/58/rotation = Quaternion(-0.537469, -0.0186868, 0.0291454, 0.842573)
bones/61/rotation = Quaternion(0.991071, -0.0493749, 0.00578962, 0.123721)
bones/63/rotation = Quaternion(-0.537469, 0.0186868, -0.0291454, 0.842573)
bones/64/rotation = Quaternion(1.07113e-07, 0.990703, -0.136045, -1.0196e-06)

[node name="RightHookBone" parent="Human_Template_Male/metarig/Skeleton3D" index="1"]
transform = Transform3D(-0.996636, 0.0819602, -5.96941e-05, -0.0809554, -0.984304, 0.156818, 0.0127941, 0.156295, 0.987628, -0.288997, 1.09223, 0.0555382)

[node name="LeftHookBone" parent="Human_Template_Male/metarig/Skeleton3D" index="2"]
transform = Transform3D(-0.996636, -0.0819603, 5.95488e-05, 0.0809555, -0.984304, 0.156818, -0.0127942, 0.156295, 0.987628, 0.288997, 1.09223, 0.0555382)

[node name="Physical Bone spine" parent="Human_Template_Male/metarig/Skeleton3D" index="3"]
transform = Transform3D(0.99821, -7.0346e-14, -4.83169e-13, -1.50536e-11, 0.999999, -2.38419e-07, -2.3627e-10, 2.68221e-07, 0.999999, -1.39136e-08, 1.37348, 0.0166581)
joint_offset = Transform3D(1, 0, 0, 0, 1, 0, 0, 0, 1, 1.39385e-08, -0.363581, -0.071858)
body_offset = Transform3D(0.99821, -7.0346e-14, -4.83169e-13, -7.35696e-11, 0.968338, 0.249639, -2.25072e-10, -0.249639, 0.968338, -1.39136e-08, 0.370008, -0.0211812)

[node name="Physical Bone spine005" parent="Human_Template_Male/metarig/Skeleton3D" index="4"]
transform = Transform3D(0.258819, -0.967711, -1.7777e-07, 0.965922, 0.258819, 1.49012e-08, -7.51684e-07, -2.27723e-07, 0.999999, -1.2791e-08, 1.8518, 0.067414)
joint_offset = Transform3D(1, 0, 0, 0, 1, 0, 0, 0, 1, -0.12761, -0.03413, -0.0544142)
body_offset = Transform3D(0.258819, -0.967711, -1.7777e-07, 0.948957, 0.254273, 0.186599, -0.180241, -0.0482956, 0.982435, -1.2791e-08, 0.139929, 0.0288095)

[node name="Physical Bone shoulderL" parent="Human_Template_Male/metarig/Skeleton3D" index="5"]
transform = Transform3D(0.989352, -0.145453, -2.62725e-07, 0.145461, 0.991029, -3.93193e-07, -4.72842e-05, 2.1915e-05, 0.999878, 0.223872, 1.50428, -0.000347503)
joint_offset = Transform3D(1, 0, 0, 0, 1, 0, 0, 0, 1, -0.188314, 0.132431, 0.0687441)
body_offset = Transform3D(0.501644, -0.0738125, 0.861785, 0.852654, -0.125941, -0.507033, 0.145985, 0.990952, -0.000226212, 0.0449992, 0.212101, -0.103726)

[node name="Physical Bone forearmL" parent="Human_Template_Male/metarig/Skeleton3D" index="6"]
transform = Transform3D(1.00001, 4.10854e-08, 5.37931e-07, 1.19582e-06, -0.196544, 0.980492, 1.55122e-06, -0.980491, -0.196544, 0.26618, 1.231, 0.0254238)
joint_offset = Transform3D(1, 0, 0, 0, 1, 0, 0, 0, 1, 0.00732402, 0.00108214, 0.141492)
body_offset = Transform3D(-0.996992, 0.054627, -0.0552384, 0.0546562, -0.0120883, -0.998429, -0.0552084, -0.998429, 0.00906657, 0.0150587, 0.140882, 0.000201941)

[node name="Physical Bone handL" parent="Human_Template_Male/metarig/Skeleton3D" index="7"]
transform = Transform3D(0.999991, -3.37858e-05, 3.97134e-05, -1.52346e-05, 0.167404, -0.985878, 5.63117e-06, 0.985882, 0.167405, 0.262923, 0.97539, 0.0667889)
joint_offset = Transform3D(1, 0, 0, 0, 1, 0, 0, 0, 1, 0.0260793, 0.00854555, -0.117533)
body_offset = Transform3D(-0.996628, 0.000972395, -0.0819936, -0.0819436, -0.0106856, 0.996565, 6.27266e-05, 0.999937, 0.0107307, 0.0163461, 0.119358, -0.00728543)

[node name="Physical Bone shoulderR" parent="Human_Template_Male/metarig/Skeleton3D" index="8"]
transform = Transform3D(0.99956, -2.8871e-08, 1.85298e-07, 2.14204e-08, 0.999715, -4.33662e-07, 2.02076e-06, -6.79575e-09, 0.999998, -0.20408, 1.59401, 0.00612795)
joint_offset = Transform3D(1, 0, 0, 0, 1, 0, 0, 0, 1, 0.185862, 0.0141298, 0.0622718)
body_offset = Transform3D(0.50687, 7.35705e-05, -0.861889, -0.861512, -0.000570402, -0.507094, -0.000528872, 0.999715, -0.000226306, -0.0405375, 0.191708, -0.0140134)

[node name="Physical Bone upper_armR" parent="Human_Template_Male/metarig/Skeleton3D" index="9"]
transform = Transform3D(-0.973715, -0.0769074, 0.214056, 0.217357, -0.0371873, 0.975313, -0.0670533, 0.996292, 0.0529329, -0.246716, 1.48623, 0.00332842)
joint_offset = Transform3D(1, 0, 0, 0, 1, 0, 0, 0, 1, 0.00116558, -0.000340138, 0.135924)
body_offset = Transform3D(0.999931, -7.7188e-06, 2.19664e-05, 9.09739e-06, -3.92012e-05, -0.999929, 5.93066e-06, 0.999948, -3.41125e-05, -0.00116849, 0.135914, 0.00034475)

[node name="Physical Bone forearmR" parent="Human_Template_Male/metarig/Skeleton3D" index="10"]
transform = Transform3D(-0.996979, 0.0552041, 0.0546435, 0.0648772, 0.204986, 0.976601, 0.0427115, 0.977202, -0.207949, -0.281877, 1.21937, 0.0263283)
joint_offset = Transform3D(1, 0, 0, 0, 1, 0, 0, 0, 1, 0.000121812, 0.00214308, 0.15328)
body_offset = Transform3D(1, -2.80887e-06, 2.00029e-05, 2.11354e-05, 0.000142157, -0.999989, 2.13087e-06, 0.999995, 0.000140697, -0.000124872, 0.153278, -0.00216463)

[node name="Physical Bone handR" parent="Human_Template_Male/metarig/Skeleton3D" index="11"]
transform = Transform3D(0.980335, 0.196701, -0.0155015, 0.107864, -0.468471, 0.876854, 0.165218, -0.861301, -0.480478, -0.288449, 1.06093, 0.067187)
joint_offset = Transform3D(1, 0, 0, 0, 1, 0, 0, 0, 1, 0.00096439, -0.00495392, 0.0334562)
body_offset = Transform3D(-0.983655, -0.169133, -0.0616839, -7.63685e-08, 0.342623, -0.939457, 0.18003, -0.924121, -0.337026, 0.00217447, 0.033128, 0.00652398)

[node name="Physical Bone thighL" parent="Human_Template_Male/metarig/Skeleton3D" index="12"]
transform = Transform3D(0.995057, 0.000738799, -0.0993395, 0.0992972, 0.00395898, 0.99504, 0.0011347, -0.998206, 0.00386273, 0.122454, 0.827213, 0.0158235)
joint_offset = Transform3D(1, 0, 0, 0, 1, 0, 0, 0, 1, 0.000150398, 7.41324e-06, 0.247668)
body_offset = Transform3D(1, -7.28411e-07, -3.95906e-05, -1.68462e-07, -7.20285e-06, -0.999994, -3.68e-06, 0.998213, 2.98163e-06, -0.000140592, 0.247666, -8.1379e-06)

[node name="Physical Bone shinL" parent="Human_Template_Male/metarig/Skeleton3D" index="13"]
transform = Transform3D(0.997615, 0.000158887, -0.0692165, 0.0691428, 0.0389613, 0.997046, 0.00285304, -1.00035, 0.0388274, 0.164105, 0.335474, 0.0051803)
joint_offset = Transform3D(1, 0, 0, 0, 1, 0, 0, 0, 1, 8.38703e-07, 3.65995e-06, 0.249713)
body_offset = Transform3D(1.00001, -1.80095e-06, -1.03143e-06, 1.01495e-06, 3.2261e-06, -1.0002, 1.53901e-07, 1.00111, -2.5481e-06, -5.81145e-07, 0.249763, -3.02773e-06)

[node name="Physical Bone footL" parent="Human_Template_Male/metarig/Skeleton3D" index="14"]
transform = Transform3D(1, 1.32571e-07, -1.77825e-07, 2.03208e-07, -0.889708, 0.456532, -1.04822e-07, -0.456532, -0.889708, 0.181391, 0.0580917, 0.0509251)
joint_offset = Transform3D(1, 0, 0, 0, 1, 0, 0, 0, 1, -1.12361e-05, -9.10535e-05, 0.0623563)
body_offset = Transform3D(1, -7.72644e-11, 1.05498e-08, 1.0528e-08, -1.19209e-07, -1, -3.12639e-13, 1, -1.19209e-07, 1.12355e-05, 0.0623564, 9.1061e-05)

[node name="Physical Bone thighR" parent="Human_Template_Male/metarig/Skeleton3D" index="15"]
transform = Transform3D(0.99505, -0.000741563, 0.0993008, -0.0992963, 0.00395877, 0.99505, -0.00113015, -0.998206, 0.00387306, -0.12241, 0.829008, 0.0158226)
joint_offset = Transform3D(1, 0, 0, 0, 1, 0, 0, 0, 1, -5.95255e-06, 1.98331e-06, 0.245875)
body_offset = Transform3D(0.999993, -2.00095e-06, 8.88635e-08, 2.61784e-08, -6.72205e-06, -1, -8.59494e-07, 0.998213, -7.27922e-06, 5.93066e-06, 0.245875, -1.8999e-07)

[node name="Physical Bone shinR" parent="Human_Template_Male/metarig/Skeleton3D" index="16"]
transform = Transform3D(0.997615, -0.000156883, 0.0692071, -0.0691446, 0.0390845, 0.997026, -0.0028533, -1.00341, 0.0388489, -0.164105, 0.33553, 0.00517759)
joint_offset = Transform3D(1, 0, 0, 0, 1, 0, 0, 0, 1, 4.98488e-06, 4.34694e-06, 0.249662)
body_offset = Transform3D(1.00001, 4.01167e-06, -6.95544e-06, 8.10935e-07, -9.46224e-07, -1.00018, 3.53903e-08, 1.00417, -2.49036e-05, -3.24845e-06, 0.249707, 1.8524e-06)

[node name="Physical Bone footR" parent="Human_Template_Male/metarig/Skeleton3D" index="17"]
transform = Transform3D(1, -1.32691e-07, 1.78117e-07, -2.03208e-07, -0.889708, 0.456532, 1.04821e-07, -0.456532, -0.889708, -0.181826, 0.0581513, 0.0510085)
joint_offset = Transform3D(1, 0, 0, 0, 1, 0, 0, 0, 1, 0.00044641, 5.95931e-08, 0.0624034)
joint_rotation = Vector3(0, 0, 0)
body_offset = Transform3D(1, -4.30234e-11, -1.02575e-08, -1.05291e-08, -1.19209e-07, -1, 1.01608e-12, 1, -1.19209e-07, -0.000446409, 0.0624034, -5.21541e-08)

[node name="ProjectilePlacement" parent="Human_Template_Male" index="2"]
transform = Transform3D(1, 0, 0, 0, 0.969919, 0.243429, 0, -0.243429, 0.969919, -0.26745, 1.25401, 0.260283)

[node name="AnimationTree" parent="." index="2"]
parameters/Movement/playback = SubResource("AnimationNodeStateMachinePlayback_cshco")

[node name="ProjectileTimer" parent="Timers" index="1"]
wait_time = 0.5

[editable path="Human_Template_Male"]
