[gd_scene load_steps=10 format=3 uid="uid://wg7ab83x00f2"]

[ext_resource type="PackedScene" uid="uid://dklaxvd7swq26" path="res://Characters/Character.tscn" id="1_ex4bq"]
[ext_resource type="Script" path="res://Characters/Meat/meat_seafood_dude.gd" id="2_qd4mi"]
[ext_resource type="Script" path="res://Characters/Resources/character_data.gd" id="3_tdnbw"]
[ext_resource type="PackedScene" uid="uid://cc653p6ws20k1" path="res://Projectile/Knife/knife.tscn" id="4_0ocn6"]
[ext_resource type="PackedScene" uid="uid://ccto5jw63q0a6" path="res://Characters/Meat/NPC_Meat_Male.glb" id="5_0snu2"]

[sub_resource type="Resource" id="Resource_8gd2v"]
resource_local_to_scene = true
script = ExtResource("3_tdnbw")
Team = "Meat"
max_health = 100
single_fire = true
base_damage = 10
special_damage = 0
projectile_damage = 30
projectile_speed = 50.0
max_ammo = 5
move_speed = 5.0
acceleration = 0.3
gravity = 30.0
dodge_force = 15.0
punch_force = 8.0

[sub_resource type="StandardMaterial3D" id="StandardMaterial3D_p52gw"]
albedo_color = Color(0.694118, 0, 0.113725, 1)

[sub_resource type="CapsuleMesh" id="CapsuleMesh_04st4"]
material = SubResource("StandardMaterial3D_p52gw")
radius = 0.201
height = 0.654

[sub_resource type="AnimationNodeStateMachinePlayback" id="AnimationNodeStateMachinePlayback_jpoj1"]

[node name="MeatSeafoodDude" instance=ExtResource("1_ex4bq")]
script = ExtResource("2_qd4mi")
character_stats = SubResource("Resource_8gd2v")
projectile = ExtResource("4_0ocn6")

[node name="Skeleton3D" parent="Human_Template_Male/metarig" index="0"]
bones/6/rotation = Quaternion(-0.078194, -0.00490876, -0.0132251, 0.996838)
bones/8/position = Vector3(0.0183, 0.141637, 0.0783771)
bones/31/position = Vector3(-0.0183, 0.141637, 0.0783771)

[node name="RightHookBone" parent="Human_Template_Male/metarig/Skeleton3D" index="1"]
transform = Transform3D(-0.996636, 0.0819602, -5.96941e-05, -0.0809554, -0.984304, 0.156818, 0.0127941, 0.156295, 0.987628, -0.288997, 1.09408, 0.0555382)

[node name="LeftHookBone" parent="Human_Template_Male/metarig/Skeleton3D" index="2"]
transform = Transform3D(-0.996636, -0.0819603, 5.95488e-05, 0.0809555, -0.984304, 0.156818, -0.0127942, 0.156295, 0.987628, 0.288997, 1.09408, 0.0555382)

[node name="Physical Bone spine" parent="Human_Template_Male/metarig/Skeleton3D" index="3"]
transform = Transform3D(0.99873, -7.0346e-14, -4.83169e-13, -1.08344e-11, 0.999999, -2.38419e-07, -1.5919e-10, 2.68221e-07, 0.999999, -1.38655e-08, 1.37348, 0.0166599)
joint_offset = Transform3D(1, 0, 0, 0, 1, 0, 0, 0, 1, 1.38831e-08, -0.363581, -0.0718598)
body_offset = Transform3D(0.99873, -7.0346e-14, -4.83169e-13, -5.02425e-11, 0.968338, 0.249639, -1.51488e-10, -0.249639, 0.968338, -1.38655e-08, 0.370009, -0.0211794)

[node name="Physical Bone spine005" parent="Human_Template_Male/metarig/Skeleton3D" index="4"]
transform = Transform3D(0.258819, -0.967191, -1.77524e-07, 0.965922, 0.258819, 1.49012e-08, -7.51684e-07, -2.27587e-07, 0.999999, -1.28081e-08, 1.8518, 0.0674139)
joint_offset = Transform3D(1, 0, 0, 0, 1, 0, 0, 0, 1, -0.127606, -0.0341472, -0.0544142)
body_offset = Transform3D(0.258819, -0.967191, -1.77524e-07, 0.948957, 0.254273, 0.186599, -0.180241, -0.0482956, 0.982435, -1.28081e-08, 0.139929, 0.0288094)

[node name="Physical Bone shoulderL" parent="Human_Template_Male/metarig/Skeleton3D" index="5"]
transform = Transform3D(0.989478, -0.145452, -2.62659e-07, 0.145554, 0.990509, -2.67624e-07, -0.00014154, 2.12427e-05, 0.999878, 0.223846, 1.50598, -0.000295878)
joint_offset = Transform3D(1, 0, 0, 0, 1, 0, 0, 0, 1, -0.188357, 0.131803, 0.0686748)
body_offset = Transform3D(0.501626, -0.0738128, 0.861785, 0.85281, -0.12594, -0.507033, 0.146078, 0.990432, -0.000226086, 0.0450305, 0.212052, -0.103011)

[node name="Physical Bone forearmL" parent="Human_Template_Male/metarig/Skeleton3D" index="6"]
transform = Transform3D(0.999995, -9.67504e-08, 6.56267e-07, 2.11503e-06, -0.196544, 0.980505, 9.06743e-07, -0.98049, -0.196546, 0.267264, 1.23235, 0.0252777)
joint_offset = Transform3D(1, 0, 0, 0, 1, 0, 0, 0, 1, 0.00623961, 0.00101093, 0.141102)
body_offset = Transform3D(-0.996972, 0.0546272, -0.0552393, 0.0546541, -0.0120882, -0.998442, -0.0552078, -0.998429, 0.0090676, 0.0139599, 0.140554, 7.43568e-05)

[node name="Physical Bone handL" parent="Human_Template_Male/metarig/Skeleton3D" index="7"]
transform = Transform3D(0.999992, -2.63465e-05, 3.58466e-05, -2.87853e-05, 0.167404, -0.985882, 7.74744e-06, 0.985882, 0.167405, 0.262923, 0.975371, 0.0668266)
joint_offset = Transform3D(1, 0, 0, 0, 1, 0, 0, 0, 1, 0.0260789, 0.0086764, -0.11853)
body_offset = Transform3D(-0.996629, 0.000964988, -0.0819901, -0.0819299, -0.0106863, 0.996569, 6.2691e-05, 0.999936, 0.0107305, 0.0162643, 0.120352, -0.00740559)

[node name="Physical Bone shoulderR" parent="Human_Template_Male/metarig/Skeleton3D" index="8"]
transform = Transform3D(0.999556, -1.5425e-08, 1.85232e-07, 2.2701e-09, 0.999711, -3.09155e-07, 7.09459e-07, -4.05999e-09, 0.999998, -0.204223, 1.59517, 0.00613342)
joint_offset = Transform3D(1, 0, 0, 0, 1, 0, 0, 0, 1, 0.186005, 0.0139485, 0.0622666)
body_offset = Transform3D(0.506869, 7.35747e-05, -0.861889, -0.861508, -0.000570412, -0.507094, -0.000528889, 0.999711, -0.000226181, -0.0406145, 0.191828, -0.013832)

[node name="Physical Bone upper_armR" parent="Human_Template_Male/metarig/Skeleton3D" index="9"]
transform = Transform3D(-0.973724, -0.0768823, 0.214048, 0.217358, -0.0371728, 0.975287, -0.0670569, 0.996212, 0.0529303, -0.246173, 1.48691, 0.00332839)
joint_offset = Transform3D(1, 0, 0, 0, 1, 0, 0, 0, 1, 0.00176037, -0.000309572, 0.136109)
body_offset = Transform3D(0.99994, -2.36109e-05, 2.34356e-05, 1.0014e-05, -5.44749e-05, -0.999901, 3.05474e-06, 0.999866, -3.51332e-05, -0.00176346, 0.136095, 0.000314306)

[node name="Physical Bone forearmR" parent="Human_Template_Male/metarig/Skeleton3D" index="10"]
transform = Transform3D(-0.996989, 0.0552029, 0.0546434, 0.0648737, 0.204986, 0.976601, 0.0427121, 0.977202, -0.207948, -0.281295, 1.22016, 0.0261844)
joint_offset = Transform3D(1, 0, 0, 0, 1, 0, 0, 0, 1, 0.000721099, 0.00229307, 0.153416)
body_offset = Transform3D(1.00001, -1.59442e-06, 2.01687e-05, 2.52565e-05, 0.000142038, -0.999989, 1.47894e-06, 0.999995, 0.000141352, -0.000724196, 0.153414, -0.00231475)

[node name="Physical Bone handR" parent="Human_Template_Male/metarig/Skeleton3D" index="11"]
transform = Transform3D(0.980335, 0.196701, -0.0154995, 0.107864, -0.468471, 0.876835, 0.165218, -0.861301, -0.480475, -0.288485, 1.0619, 0.0671871)
joint_offset = Transform3D(1, 0, 0, 0, 1, 0, 0, 0, 1, 0.00100077, -0.0049543, 0.0334697)
body_offset = Transform3D(-0.983655, -0.169133, -0.0616844, -3.72529e-09, 0.342623, -0.939438, 0.18003, -0.924121, -0.337026, 0.00221103, 0.0331402, 0.00652163)

[node name="Physical Bone thighL" parent="Human_Template_Male/metarig/Skeleton3D" index="12"]
transform = Transform3D(0.995057, 0.000739644, -0.0993009, 0.0992972, 0.00395898, 0.99505, 0.00113276, -0.998727, 0.00386354, 0.12242, 0.82725, 0.0158329)
joint_offset = Transform3D(1, 0, 0, 0, 1, 0, 0, 0, 1, 0.000169837, 1.6857e-05, 0.247626)
body_offset = Transform3D(1, -4.77419e-07, -2.72952e-07, -1.60951e-07, -5.10528e-06, -1, -1.73703e-06, 0.998734, 2.23843e-06, -0.000169769, 0.247626, -1.73897e-05)

[node name="Physical Bone shinL" parent="Human_Template_Male/metarig/Skeleton3D" index="13"]
transform = Transform3D(0.997615, 0.000158955, -0.0692199, 0.0691427, 0.0389605, 0.997086, 0.00285257, -1.00035, 0.0388288, 0.164136, 0.335474, 0.00517941)
joint_offset = Transform3D(1, 0, 0, 0, 1, 0, 0, 0, 1, -3.02963e-05, 2.77807e-06, 0.249706)
body_offset = Transform3D(1.00001, -1.78698e-06, -1.66056e-06, 1.10015e-06, 4.01959e-06, -1.00024, 6.18165e-07, 1.00111, -2.45869e-06, 3.07113e-05, 0.249766, -2.16719e-06)

[node name="Physical Bone footL" parent="Human_Template_Male/metarig/Skeleton3D" index="14"]
transform = Transform3D(1, 1.32579e-07, -1.77843e-07, 2.03207e-07, -0.889708, 0.456532, -1.04821e-07, -0.456532, -0.889708, 0.181665, 0.0580919, 0.0509249)
joint_offset = Transform3D(1, 0, 0, 0, 1, 0, 0, 0, 1, -0.000285522, -9.0979e-05, 0.0623561)
body_offset = Transform3D(1, -6.86526e-11, 1.05314e-08, 1.05289e-08, -1.19209e-07, -1, -3.12639e-13, 1, -1.19209e-07, 0.000285521, 0.0623561, 9.09865e-05)

[node name="Physical Bone thighR" parent="Human_Template_Male/metarig/Skeleton3D" index="15"]
transform = Transform3D(0.995057, -0.000741563, 0.0993007, -0.099297, 0.00395888, 0.99505, -0.00113016, -0.998727, 0.00387103, -0.122413, 0.829018, 0.0158226)
joint_offset = Transform3D(1, 0, 0, 0, 1, 0, 0, 0, 1, -1.92426e-06, 1.42718e-06, 0.245866)
body_offset = Transform3D(1, -1.42318e-06, 6.8801e-08, 3.36727e-08, -4.82076e-06, -1, -8.56584e-07, 0.998734, -5.25569e-06, 1.90735e-06, 0.245866, -1.33179e-07)

[node name="Physical Bone shinR" parent="Human_Template_Male/metarig/Skeleton3D" index="16"]
transform = Transform3D(0.997615, -0.00015782, 0.0692071, -0.0691449, 0.0390377, 0.997273, -0.00285333, -1.00223, 0.0388427, -0.1641, 0.335529, 0.00517262)
joint_offset = Transform3D(1, 0, 0, 0, 1, 0, 0, 0, 1, 4.24122e-06, -4.50333e-06, 0.249602)
body_offset = Transform3D(1.00001, 2.9346e-06, -2.40366e-05, 1.11738e-06, -1.93715e-07, -1.00043, 4.84288e-08, 1.00299, -9.04873e-06, 1.75834e-06, 0.249708, 6.77537e-06)

[node name="Physical Bone footR" parent="Human_Template_Male/metarig/Skeleton3D" index="17"]
transform = Transform3D(1, -1.32694e-07, 1.78118e-07, -2.03208e-07, -0.889708, 0.456532, 1.0482e-07, -0.456532, -0.889708, -0.181696, 0.0581524, 0.0510099)
joint_offset = Transform3D(1, 0, 0, 0, 1, 0, 0, 0, 1, 0.000316904, 1.63912e-06, 0.062404)
joint_rotation = Vector3(0, 0, 0)
body_offset = Transform3D(1, -4.62066e-11, -1.02565e-08, -1.05296e-08, -1.19209e-07, -1, 1.35003e-12, 1, -1.19209e-07, -0.000316903, 0.0624041, -1.63168e-06)

[node name="ProjectilePlacement" parent="Human_Template_Male" index="2"]
transform = Transform3D(1, 0, 0, 0, 1, 0, 0, 0, 1, -0.314392, 1.25401, 0.260283)

[node name="MeshInstance3D" parent="Human_Template_Male" index="3"]
mesh = SubResource("CapsuleMesh_04st4")

[node name="AnimationTree" parent="." index="2"]
parameters/Movement/playback = SubResource("AnimationNodeStateMachinePlayback_jpoj1")

[node name="NPC_Meat_Male" parent="." index="5" instance=ExtResource("5_0snu2")]
visible = false

[node name="Skeleton3D" parent="NPC_Meat_Male/Meat_Male" index="0"]
bones/0/position = Vector3(5.28339e-06, -0.332594, -0.54277)
bones/0/rotation = Quaternion(0.115415, -0.395018, 0.0500992, 0.910017)
bones/1/rotation = Quaternion(-0.0855464, 0.257638, -0.0341717, 0.96184)
bones/2/rotation = Quaternion(-0.0774642, 1.47834e-08, -2.14509e-10, 0.996995)
bones/3/rotation = Quaternion(0.0016272, -7.6543e-09, -1.2455e-11, 0.999999)
bones/5/rotation = Quaternion(-0.0943413, 0.100049, -0.029062, 0.990073)
bones/6/rotation = Quaternion(-0.0662269, -0.151612, 0.00775617, 0.986188)
bones/8/position = Vector3(0.0884713, 0.319367, 0.00406386)
bones/8/rotation = Quaternion(-0.0719196, 0.398564, -0.762487, 0.504567)
bones/9/rotation = Quaternion(0.673036, 0.27045, 0.215104, 0.653919)
bones/10/rotation = Quaternion(0.220691, -0.0901128, 0.0890432, 0.967082)
bones/12/rotation = Quaternion(-0.302244, -0.644842, 0.559265, 0.424322)
bones/13/rotation = Quaternion(0.617944, 0.255034, 0.473354, 0.573619)
bones/14/rotation = Quaternion(-0.0109359, -0.215798, 0.439103, 0.872067)
bones/17/rotation = Quaternion(0.941861, 0.18351, -0.0298982, 0.279871)
bones/18/rotation = Quaternion(0.200079, 0.0195641, 0.119206, 0.972304)
bones/19/rotation = Quaternion(-0.319062, -0.399253, 0.0832966, 0.855487)
bones/20/rotation = Quaternion(0.0781454, -0.892069, 0.442622, 0.0468224)
bones/21/rotation = Quaternion(0.99213, -0.0312377, -0.0136453, 0.120482)
bones/22/rotation = Quaternion(0.133189, -0.00543045, 0.0551793, 0.989538)
bones/23/rotation = Quaternion(-0.63094, 0.058593, -0.162835, 0.756285)
bones/24/rotation = Quaternion(-0.0096788, -0.989604, 0.119311, 0.0797224)

[node name="Skeleton3D" parent="NPC_Meat_Male/Fish_Weapon" index="0"]
bones/1/rotation = Quaternion(1, -1.11022e-16, -1.11022e-16, -2.98023e-08)

[editable path="Human_Template_Male"]
[editable path="NPC_Meat_Male"]
