[gd_scene load_steps=7 format=3 uid="uid://wg7ab83x00f2"]

[ext_resource type="PackedScene" uid="uid://dklaxvd7swq26" path="res://Characters/Character.tscn" id="1_ex4bq"]
[ext_resource type="Script" path="res://Characters/Meat/meat_seafood_dude.gd" id="2_qd4mi"]
[ext_resource type="Script" path="res://Characters/Resources/character_data.gd" id="3_tdnbw"]
[ext_resource type="PackedScene" uid="uid://cc653p6ws20k1" path="res://Projectile/Knife/knife.tscn" id="4_0ocn6"]

[sub_resource type="Resource" id="Resource_8gd2v"]
script = ExtResource("3_tdnbw")
Team = "MEAT"
max_health = 100
single_fire = true
base_damage = 10
special_damage = 0
projectile_speed = 50.0
projectile_damage = 30
max_ammo = 10
move_speed = 10.0
acceleration = 0.2
gravity = 30.0

[sub_resource type="AnimationNodeStateMachinePlayback" id="AnimationNodeStateMachinePlayback_jpoj1"]

[node name="MeatSeafoodDude" instance=ExtResource("1_ex4bq")]
script = ExtResource("2_qd4mi")
character_stats = SubResource("Resource_8gd2v")
projectile = ExtResource("4_0ocn6")

[node name="Skeleton3D" parent="Human_Template_Male/metarig" index="0"]
bones/6/rotation = Quaternion(-0.0911687, -0.000805398, -0.00216988, 0.995833)
bones/8/position = Vector3(0.0183, 0.137968, 0.0782723)
bones/9/rotation = Quaternion(-0.312045, 0.649102, -0.544663, 0.429694)
bones/10/rotation = Quaternion(0.129565, 0.0485115, -0.081279, 0.987043)
bones/11/rotation = Quaternion(-0.0243313, -0.0279711, -0.0689896, 0.996928)
bones/12/position = Vector3(-0.00346932, 0.0455734, 0.0164307)
bones/12/rotation = Quaternion(0.0566486, 0.718916, 0.0704851, 0.68919)
bones/13/position = Vector3(0.00180202, 0.078071, -0.0074433)
bones/13/rotation = Quaternion(0.368316, -0.109303, -0.0933118, 0.918526)
bones/14/rotation = Quaternion(0.446082, -0.155353, 0.0168038, 0.881245)
bones/15/rotation = Quaternion(0.516362, -0.164087, -0.0219088, 0.840217)
bones/16/rotation = Quaternion(-0.0584705, 0.844629, 0.252627, 0.468362)
bones/17/rotation = Quaternion(0.154636, -0.183161, -0.0381594, 0.970095)
bones/18/rotation = Quaternion(0.220019, -0.198354, 0.0720774, 0.952393)
bones/19/position = Vector3(-0.0063056, 0.0478836, -0.000395747)
bones/19/rotation = Quaternion(0.0245994, 0.708734, 0.0453042, 0.70359)
bones/20/position = Vector3(0.00115946, 0.0744285, -0.00174812)
bones/20/rotation = Quaternion(0.411219, -0.111518, -0.0640329, 0.90242)
bones/21/rotation = Quaternion(0.480827, -0.183785, -0.00288841, 0.857333)
bones/22/rotation = Quaternion(0.461127, -0.192141, -0.0437816, 0.865174)
bones/23/position = Vector3(-0.00524281, 0.0462884, -0.0158962)
bones/23/rotation = Quaternion(-0.0278016, 0.686582, 0.0100445, 0.726452)
bones/24/position = Vector3(0.000427327, 0.0718996, 0.00263913)
bones/24/rotation = Quaternion(0.478242, -0.105038, -0.0573747, 0.870034)
bones/25/rotation = Quaternion(0.446156, -0.160816, -0.0409236, 0.879437)
bones/26/rotation = Quaternion(0.546327, -0.196733, -0.0772342, 0.810468)
bones/27/position = Vector3(-0.00223537, 0.0428857, -0.0306962)
bones/27/rotation = Quaternion(-0.0609088, 0.686362, -0.042615, 0.723451)
bones/28/position = Vector3(-0.00023709, 0.0699704, 0.00659641)
bones/28/rotation = Quaternion(0.502121, -0.159704, -0.00679778, 0.849896)
bones/29/rotation = Quaternion(0.451583, -0.162279, -0.136094, 0.866728)
bones/30/rotation = Quaternion(0.423475, -0.232181, 0.018863, 0.875446)
bones/31/position = Vector3(-0.0183, 0.137968, 0.0782723)
bones/31/rotation = Quaternion(-0.605155, 0.345862, 0.356135, 0.622363)
bones/32/rotation = Quaternion(-0.312045, -0.649102, 0.544663, 0.429694)
bones/33/rotation = Quaternion(0.129565, -0.0485115, 0.0812791, 0.987043)
bones/34/rotation = Quaternion(-0.0243313, 0.0279711, 0.0689896, 0.996928)
bones/35/position = Vector3(0.00346939, 0.0455734, 0.0164307)
bones/35/rotation = Quaternion(0.0566485, -0.718916, -0.0704851, 0.68919)
bones/36/position = Vector3(-0.00180203, 0.0780709, -0.00744328)
bones/36/rotation = Quaternion(0.368316, 0.109303, 0.0933118, 0.918526)
bones/37/rotation = Quaternion(0.446082, 0.155353, -0.0168038, 0.881245)
bones/38/rotation = Quaternion(0.516362, 0.164087, 0.0219089, 0.840217)
bones/39/rotation = Quaternion(-0.0584705, -0.844629, -0.252627, 0.468362)
bones/40/rotation = Quaternion(0.154636, 0.183161, 0.0381594, 0.970095)
bones/41/rotation = Quaternion(0.220019, 0.198354, -0.0720774, 0.952393)
bones/42/position = Vector3(0.00630558, 0.0478836, -0.000395731)
bones/42/rotation = Quaternion(0.0245994, -0.708734, -0.0453042, 0.70359)
bones/43/position = Vector3(-0.00115949, 0.0744287, -0.00174818)
bones/43/rotation = Quaternion(0.411219, 0.111518, 0.0640329, 0.90242)
bones/44/rotation = Quaternion(0.480827, 0.183785, 0.00288843, 0.857333)
bones/45/rotation = Quaternion(0.461127, 0.192141, 0.0437816, 0.865174)
bones/46/position = Vector3(0.00524282, 0.0462883, -0.0158963)
bones/46/rotation = Quaternion(-0.0278016, -0.686582, -0.0100445, 0.726452)
bones/47/position = Vector3(-0.000427292, 0.0718996, 0.00263915)
bones/47/rotation = Quaternion(0.478242, 0.105038, 0.0573747, 0.870034)
bones/48/rotation = Quaternion(0.446156, 0.160816, 0.0409237, 0.879437)
bones/49/rotation = Quaternion(0.546327, 0.196733, 0.0772342, 0.810468)
bones/50/position = Vector3(0.0022354, 0.0428858, -0.0306962)
bones/50/rotation = Quaternion(-0.0609088, -0.686362, 0.042615, 0.723451)
bones/51/position = Vector3(0.000237069, 0.0699703, 0.00659639)
bones/51/rotation = Quaternion(0.502121, 0.159704, 0.00679779, 0.849896)
bones/52/rotation = Quaternion(0.451583, 0.162279, 0.136094, 0.866728)
bones/53/rotation = Quaternion(0.423475, 0.232181, -0.018863, 0.875446)
bones/56/rotation = Quaternion(0.991071, 0.0493749, -0.00578962, 0.123721)
bones/58/rotation = Quaternion(-0.537469, -0.0186868, 0.0291454, 0.842573)
bones/61/rotation = Quaternion(0.991071, -0.0493749, 0.00578962, 0.123721)
bones/63/rotation = Quaternion(-0.537469, 0.0186868, -0.0291454, 0.842573)
bones/64/rotation = Quaternion(1.07113e-07, 0.990703, -0.136045, -1.0196e-06)

[node name="RightHookBone" parent="Human_Template_Male/metarig/Skeleton3D" index="1"]
transform = Transform3D(-0.996636, 0.0819602, -5.96941e-05, -0.0809554, -0.984304, 0.156818, 0.0127941, 0.156295, 0.987628, -0.288997, 1.09041, 0.0555382)

[node name="LeftHookBone" parent="Human_Template_Male/metarig/Skeleton3D" index="2"]
transform = Transform3D(-0.996636, -0.0819603, 5.95488e-05, 0.0809555, -0.984304, 0.156818, -0.0127942, 0.156295, 0.987628, 0.288997, 1.09041, 0.0555382)

[node name="Physical Bone spine" parent="Human_Template_Male/metarig/Skeleton3D" index="3"]
transform = Transform3D(0.999844, -7.0346e-14, -4.83169e-13, -1.72708e-12, 0.999999, -2.38419e-07, -8.896e-12, 2.68221e-07, 0.999999, -1.38658e-08, 1.37348, 0.016658)
joint_offset = Transform3D(1, 0, 0, 0, 1, 0, 0, 0, 1, 1.38679e-08, -0.363581, -0.0718579)
body_offset = Transform3D(0.999844, -7.0346e-14, -4.83169e-13, -3.89377e-12, 0.968338, 0.249639, -8.18545e-12, -0.249639, 0.968338, -1.38658e-08, 0.370008, -0.0211813)

[node name="Physical Bone spine005" parent="Human_Template_Male/metarig/Skeleton3D" index="4"]
transform = Transform3D(0.258819, -0.966077, -1.76991e-07, 0.965922, 0.258819, 1.49012e-08, -7.51684e-07, -2.27295e-07, 0.999999, -1.27416e-08, 1.8518, 0.0674141)
joint_offset = Transform3D(1, 0, 0, 0, 1, 0, 0, 0, 1, -0.127596, -0.0341839, -0.0544143)
body_offset = Transform3D(0.258819, -0.966077, -1.76991e-07, 0.948957, 0.254273, 0.186599, -0.180241, -0.0482956, 0.982435, -1.27416e-08, 0.139929, 0.0288096)

[node name="Physical Bone shoulderL" parent="Human_Template_Male/metarig/Skeleton3D" index="5"]
transform = Transform3D(0.98931, -0.145429, -2.62515e-07, 0.145435, 0.989395, 4.75848e-09, -1.31843e-05, 3.67248e-06, 0.999878, 0.223697, 1.502, -3.08016e-05)
joint_offset = Transform3D(1, 0, 0, 0, 1, 0, 0, 0, 1, -0.18809, 0.132836, 0.0684362)
body_offset = Transform3D(0.501652, -0.0738161, 0.861785, 0.852601, -0.12591, -0.507033, 0.145958, 0.989318, -0.000225814, 0.0451838, 0.21179, -0.103948)

[node name="Physical Bone forearmL" parent="Human_Template_Male/metarig/Skeleton3D" index="6"]
transform = Transform3D(0.999995, -1.48904e-07, 4.47301e-07, 1.24238e-06, -0.196544, 0.980492, 6.94401e-07, -0.98049, -0.196544, 0.267262, 1.22834, 0.0257551)
joint_offset = Transform3D(1, 0, 0, 0, 1, 0, 0, 0, 1, 0.00624179, 0.00129117, 0.142135)
body_offset = Transform3D(-0.996972, 0.0546272, -0.0552383, 0.0546549, -0.0120883, -0.998429, -0.0552082, -0.998429, 0.00906666, 0.0140036, 0.141586, 0.000345051)

[node name="Physical Bone handL" parent="Human_Template_Male/metarig/Skeleton3D" index="7"]
transform = Transform3D(0.999991, -1.0519e-06, 2.39338e-06, -7.0582e-06, 0.167404, -0.985883, 1.60965e-06, 0.985882, 0.167404, 0.262923, 0.971524, 0.0670523)
joint_offset = Transform3D(1, 0, 0, 0, 1, 0, 0, 0, 1, 0.0260747, 0.00858736, -0.119353)
body_offset = Transform3D(-0.996627, 0.000939777, -0.0819568, -0.0819522, -0.0106883, 0.996573, 6.0038e-05, 0.999936, 0.0107293, 0.0161969, 0.121172, -0.00730781)

[node name="Physical Bone shoulderR" parent="Human_Template_Male/metarig/Skeleton3D" index="8"]
transform = Transform3D(0.999556, -7.85803e-09, 1.85088e-07, 9.31323e-10, 0.999711, -3.66854e-08, 7.09459e-07, -2.34286e-09, 0.999998, -0.20425, 1.59115, 0.0061316)
joint_offset = Transform3D(1, 0, 0, 0, 1, 0, 0, 0, 1, 0.186033, 0.0149198, 0.0622684)
body_offset = Transform3D(0.506869, 7.3577e-05, -0.861889, -0.861508, -0.00057042, -0.507094, -0.00052889, 0.999711, -0.000225909, -0.0406269, 0.191853, -0.0148031)

[node name="Physical Bone upper_armR" parent="Human_Template_Male/metarig/Skeleton3D" index="9"]
transform = Transform3D(-0.973751, -0.076906, 0.214063, 0.217364, -0.0371876, 0.975327, -0.0670587, 0.996287, 0.0529339, -0.246019, 1.48409, 0.00332794)
joint_offset = Transform3D(1, 0, 0, 0, 1, 0, 0, 0, 1, 0.00186075, -0.000288737, 0.135843)
body_offset = Transform3D(0.999967, -8.83639e-06, 1.74225e-05, 1.02432e-05, -3.89107e-05, -0.999943, 3.10689e-06, 0.999942, -3.4105e-05, -0.00186306, 0.135836, 0.000293348)

[node name="Physical Bone forearmR" parent="Human_Template_Male/metarig/Skeleton3D" index="10"]
transform = Transform3D(-0.996989, 0.0552041, 0.0546438, 0.06488, 0.204986, 0.976601, 0.0427123, 0.977202, -0.207949, -0.281295, 1.21683, 0.0261215)
joint_offset = Transform3D(1, 0, 0, 0, 1, 0, 0, 0, 1, 0.000742022, 0.00241207, 0.153677)
body_offset = Transform3D(1.00001, -2.85357e-06, 1.97543e-05, 1.90539e-05, 0.000142187, -0.999989, 2.98023e-06, 0.999995, 0.000140727, -0.000745058, 0.153675, -0.00243369)

[node name="Physical Bone handR" parent="Human_Template_Male/metarig/Skeleton3D" index="11"]
transform = Transform3D(0.980335, 0.196701, -0.0155038, 0.107864, -0.468471, 0.876868, 0.165217, -0.861301, -0.48048, -0.288485, 1.05885, 0.0671871)
joint_offset = Transform3D(1, 0, 0, 0, 1, 0, 0, 0, 1, 0.00100081, -0.00495393, 0.0334686)
body_offset = Transform3D(-0.983655, -0.169133, -0.0616828, -1.08033e-07, 0.342623, -0.939472, 0.18003, -0.924121, -0.337026, 0.00221102, 0.0331402, 0.0065216)

[node name="Physical Bone thighL" parent="Human_Template_Male/metarig/Skeleton3D" index="12"]
transform = Transform3D(0.995057, 0.000741357, -0.0993009, 0.0992972, 0.00395898, 0.99505, 0.00113132, -0.99984, 0.00386353, 0.12241, 0.827342, 0.0158235)
joint_offset = Transform3D(1, 0, 0, 0, 1, 0, 0, 0, 1, 0.00017063, 7.0498e-06, 0.247533)
body_offset = Transform3D(1, -3.15486e-08, -2.28259e-07, -2.29901e-07, -6.33299e-07, -1, -2.99653e-07, 0.999847, 2.24821e-06, -0.000170574, 0.247533, -7.60518e-06)

[node name="Physical Bone shinL" parent="Human_Template_Male/metarig/Skeleton3D" index="13"]
transform = Transform3D(0.997615, 0.000159928, -0.0692171, 0.069143, 0.038932, 0.997059, 0.00285311, -0.999543, 0.038828, 0.164105, 0.33548, 0.00518016)
joint_offset = Transform3D(1, 0, 0, 0, 1, 0, 0, 0, 1, 3.68922e-07, 3.33514e-06, 0.249704)
body_offset = Transform3D(1.00001, -4.73578e-07, -8.21019e-07, 8.18407e-07, 1.02073e-06, -1.00021, 8.84756e-08, 1.0003, -2.67476e-06, -1.63913e-07, 0.249757, -2.66824e-06)

[node name="Physical Bone footL" parent="Human_Template_Male/metarig/Skeleton3D" index="14"]
transform = Transform3D(1, 1.32512e-07, -1.77844e-07, 2.03207e-07, -0.889708, 0.456532, -1.04821e-07, -0.456532, -0.889708, 0.181386, 0.058092, 0.0509247)
joint_offset = Transform3D(1, 0, 0, 0, 1, 0, 0, 0, 1, -6.9446e-06, -9.09492e-05, 0.0623559)
body_offset = Transform3D(1, -1.35586e-10, 1.05302e-08, 1.0529e-08, -1.19209e-07, -1, -3.2685e-13, 1, -1.19209e-07, 6.94394e-06, 0.0623559, 9.09567e-05)

[node name="Physical Bone thighR" parent="Human_Template_Male/metarig/Skeleton3D" index="15"]
transform = Transform3D(0.995057, -0.000741563, 0.0993008, -0.099297, 0.00395888, 0.99505, -0.00113016, -0.99984, 0.00386669, -0.12241, 0.829033, 0.0158226)
joint_offset = Transform3D(1, 0, 0, 0, 1, 0, 0, 0, 1, -2.82504e-06, 3.25361e-07, 0.245851)
body_offset = Transform3D(1, -1.64378e-07, 9.60645e-08, 3.36581e-08, -5.19212e-07, -1, -8.60309e-07, 0.999847, -9.14093e-07, 2.80142e-06, 0.245851, -1.00583e-07)

[node name="Physical Bone shinR" parent="Human_Template_Male/metarig/Skeleton3D" index="16"]
transform = Transform3D(0.997615, -0.000159984, 0.0692034, -0.0691445, 0.0389344, 0.996967, -0.00285329, -0.999564, 0.0388271, -0.164101, 0.33554, 0.00517898)
joint_offset = Transform3D(1, 0, 0, 0, 1, 0, 0, 0, 1, 1.80674e-06, 4.91667e-07, 0.249667)
body_offset = Transform3D(1.00001, 3.18047e-07, -6.52046e-06, 7.21244e-07, -4.65661e-07, -1.00012, 3.1665e-08, 1.00032, -5.33834e-06, -1.78814e-07, 0.249697, 8.40984e-07)

[node name="Physical Bone footR" parent="Human_Template_Male/metarig/Skeleton3D" index="17"]
transform = Transform3D(1, -1.32648e-07, 1.78118e-07, -2.03207e-07, -0.889708, 0.456532, 1.04821e-07, -0.456532, -0.889708, -0.181418, 0.0581516, 0.0510081)
joint_offset = Transform3D(1, 0, 0, 0, 1, 0, 0, 0, 1, 3.83264e-05, 1.56451e-07, 0.0624029)
joint_rotation = Vector3(0, 0, 0)
body_offset = Transform3D(1, 2.13163e-13, -1.02572e-08, -1.05292e-08, -1.19209e-07, -1, 1.42109e-14, 1, -1.19209e-07, -3.83258e-05, 0.0624029, -1.49012e-07)

[node name="AnimationTree" parent="." index="2"]
parameters/Movement/playback = SubResource("AnimationNodeStateMachinePlayback_jpoj1")

[editable path="Human_Template_Male"]
