[gd_scene load_steps=10 format=3 uid="uid://wg7ab83x00f2"]

[ext_resource type="PackedScene" uid="uid://dklaxvd7swq26" path="res://Characters/Character.tscn" id="1_ex4bq"]
[ext_resource type="Script" path="res://Characters/Meat/meat_seafood_dude.gd" id="2_qd4mi"]
[ext_resource type="Script" path="res://Characters/Resources/character_data.gd" id="3_tdnbw"]
[ext_resource type="PackedScene" uid="uid://cc653p6ws20k1" path="res://Projectile/Knife/knife.tscn" id="4_0ocn6"]
[ext_resource type="PackedScene" uid="uid://ccto5jw63q0a6" path="res://Characters/Meat/NPC_Meat_Male.glb" id="5_0snu2"]

[sub_resource type="Resource" id="Resource_8gd2v"]
resource_local_to_scene = true
script = ExtResource("3_tdnbw")
Team = "Meat"
max_health = 100
single_fire = true
base_damage = 10
special_damage = 0
projectile_damage = 30
projectile_speed = 50.0
max_ammo = 5
move_speed = 7.0
acceleration = 0.15
gravity = 30.0
dodge_force = 15.0
punch_force = 8.0

[sub_resource type="StandardMaterial3D" id="StandardMaterial3D_p52gw"]
albedo_color = Color(0.694118, 0, 0.113725, 1)

[sub_resource type="CapsuleMesh" id="CapsuleMesh_04st4"]
material = SubResource("StandardMaterial3D_p52gw")
radius = 0.201
height = 0.654

[sub_resource type="AnimationNodeStateMachinePlayback" id="AnimationNodeStateMachinePlayback_jpoj1"]

[node name="MeatSeafoodDude" instance=ExtResource("1_ex4bq")]
script = ExtResource("2_qd4mi")
character_stats = SubResource("Resource_8gd2v")
projectile = ExtResource("4_0ocn6")

[node name="Skeleton3D" parent="Human_Template_Male/metarig" index="0"]
bones/6/rotation = Quaternion(-0.0936315, -2.55e-05, -6.87017e-05, 0.995607)
bones/8/position = Vector3(0.0183, 0.137287, 0.0782528)
bones/31/position = Vector3(-0.0183, 0.137287, 0.0782528)

[node name="RightHookBone" parent="Human_Template_Male/metarig/Skeleton3D" index="1"]
transform = Transform3D(-0.996636, 0.0819602, -5.96941e-05, -0.0809554, -0.984304, 0.156818, 0.0127941, 0.156295, 0.987628, -0.288997, 1.08973, 0.0555382)

[node name="LeftHookBone" parent="Human_Template_Male/metarig/Skeleton3D" index="2"]
transform = Transform3D(-0.996636, -0.0819603, 5.95488e-05, 0.0809555, -0.984304, 0.156818, -0.0127942, 0.156295, 0.987628, 0.288997, 1.08973, 0.0555382)

[node name="Physical Bone spine" parent="Human_Template_Male/metarig/Skeleton3D" index="3"]
transform = Transform3D(0.998669, -7.0346e-14, -4.83169e-13, -1.06068e-11, 0.999999, -2.38419e-07, -1.69564e-10, 2.68221e-07, 0.999999, -1.38637e-08, 1.37348, 0.01666)
joint_offset = Transform3D(1, 0, 0, 0, 1, 0, 0, 0, 1, 1.38821e-08, -0.363582, -0.07186)
body_offset = Transform3D(0.998669, -7.0346e-14, -4.83169e-13, -5.26086e-11, 0.968338, 0.249639, -1.61577e-10, -0.249639, 0.968338, -1.38637e-08, 0.370009, -0.0211794)

[node name="Physical Bone spine005" parent="Human_Template_Male/metarig/Skeleton3D" index="4"]
transform = Transform3D(0.258819, -0.967252, -1.77553e-07, 0.965922, 0.258819, 1.49012e-08, -7.51684e-07, -2.27603e-07, 0.999999, -1.28117e-08, 1.8518, 0.0674139)
joint_offset = Transform3D(1, 0, 0, 0, 1, 0, 0, 0, 1, -0.127606, -0.0341452, -0.0544141)
body_offset = Transform3D(0.258819, -0.967252, -1.77553e-07, 0.948957, 0.254273, 0.186599, -0.180241, -0.0482956, 0.982435, -1.28117e-08, 0.139929, 0.0288094)

[node name="Physical Bone shoulderL" parent="Human_Template_Male/metarig/Skeleton3D" index="5"]
transform = Transform3D(0.989478, -0.145453, -2.62667e-07, 0.14557, 0.99057, -2.82162e-07, -0.000141991, 2.16835e-05, 0.999878, 0.223851, 1.50209, -0.000309282)
joint_offset = Transform3D(1, 0, 0, 0, 1, 0, 0, 0, 1, -0.18838, 0.131678, 0.0686881)
body_offset = Transform3D(0.501626, -0.0738125, 0.861785, 0.85281, -0.12594, -0.507033, 0.146093, 0.990493, -0.000226101, 0.0450215, 0.212063, -0.10289)

[node name="Physical Bone forearmL" parent="Human_Template_Male/metarig/Skeleton3D" index="6"]
transform = Transform3D(0.999995, -9.67504e-08, 6.52076e-07, 1.90362e-06, -0.196544, 0.980505, 8.32237e-07, -0.98049, -0.196546, 0.267264, 1.22838, 0.0252514)
joint_offset = Transform3D(1, 0, 0, 0, 1, 0, 0, 0, 1, 0.0062396, 0.000994436, 0.141051)
body_offset = Transform3D(-0.996973, 0.0546272, -0.0552393, 0.0546543, -0.0120882, -0.998442, -0.0552079, -0.998429, 0.0090674, 0.0139579, 0.140502, 5.83827e-05)

[node name="Physical Bone handL" parent="Human_Template_Male/metarig/Skeleton3D" index="7"]
transform = Transform3D(0.999991, -2.78813e-05, 3.58466e-05, -3.26344e-05, 0.167404, -0.985882, 8.27937e-06, 0.985882, 0.167405, 0.262923, 0.971399, 0.0668143)
joint_offset = Transform3D(1, 0, 0, 0, 1, 0, 0, 0, 1, 0.0260789, 0.00868106, -0.118484)
body_offset = Transform3D(-0.996629, 0.000966518, -0.0819901, -0.081926, -0.0106862, 0.996569, 6.26138e-05, 0.999936, 0.0107305, 0.0162681, 0.120306, -0.00741075)

[node name="Physical Bone shoulderR" parent="Human_Template_Male/metarig/Skeleton3D" index="8"]
transform = Transform3D(0.999556, -1.62399e-08, 1.8524e-07, 2.2701e-09, 0.999711, -3.23693e-07, 7.09459e-07, -4.49655e-09, 0.999998, -0.204222, 1.59116, 0.00613432)
joint_offset = Transform3D(1, 0, 0, 0, 1, 0, 0, 0, 1, 0.186005, 0.0139485, 0.0622657)
body_offset = Transform3D(0.506869, 7.35746e-05, -0.861889, -0.861508, -0.000570411, -0.507094, -0.000528889, 0.999711, -0.000226196, -0.0406151, 0.191827, -0.013832)

[node name="Physical Bone upper_armR" parent="Human_Template_Male/metarig/Skeleton3D" index="9"]
transform = Transform3D(-0.973724, -0.0768813, 0.214048, 0.217358, -0.037172, 0.975287, -0.0670569, 0.996208, 0.0529303, -0.246174, 1.48289, 0.00332834)
joint_offset = Transform3D(1, 0, 0, 0, 1, 0, 0, 0, 1, 0.0017599, -0.000309554, 0.136109)
body_offset = Transform3D(0.99994, -2.4192e-05, 2.34356e-05, 1.0014e-05, -5.522e-05, -0.999901, 3.05474e-06, 0.999861, -3.51332e-05, -0.00176299, 0.136095, 0.000314288)

[node name="Physical Bone forearmR" parent="Human_Template_Male/metarig/Skeleton3D" index="10"]
transform = Transform3D(-0.996989, 0.0552029, 0.0546436, 0.0648734, 0.204986, 0.976601, 0.042712, 0.977202, -0.207948, -0.281295, 1.21616, 0.0261885)
joint_offset = Transform3D(1, 0, 0, 0, 1, 0, 0, 0, 1, 0.000719705, 0.002285, 0.153398)
body_offset = Transform3D(1.00001, -1.59442e-06, 1.99294e-05, 2.5521e-05, 0.000142038, -0.999989, 1.25915e-06, 0.999995, 0.000141338, -0.000722766, 0.153396, -0.00230667)

[node name="Physical Bone handR" parent="Human_Template_Male/metarig/Skeleton3D" index="11"]
transform = Transform3D(0.980335, 0.196701, -0.0154985, 0.107864, -0.468471, 0.876835, 0.165218, -0.861301, -0.480475, -0.288485, 1.05789, 0.0671871)
joint_offset = Transform3D(1, 0, 0, 0, 1, 0, 0, 0, 1, 0.00100074, -0.00495431, 0.0334697)
body_offset = Transform3D(-0.983655, -0.169133, -0.0616853, -3.72529e-09, 0.342623, -0.939438, 0.18003, -0.924121, -0.337026, 0.00221103, 0.0331402, 0.00652163)

[node name="Physical Bone thighL" parent="Human_Template_Male/metarig/Skeleton3D" index="12"]
transform = Transform3D(0.995057, 0.000739544, -0.0993009, 0.0992972, 0.00395898, 0.99505, 0.00113276, -0.998666, 0.00386354, 0.12242, 0.82725, 0.0158329)
joint_offset = Transform3D(1, 0, 0, 0, 1, 0, 0, 0, 1, 0.000169837, 1.68472e-05, 0.247626)
body_offset = Transform3D(1, -5.07454e-07, -2.7295e-07, -1.60954e-07, -5.34952e-06, -1, -1.73785e-06, 0.998674, 2.23704e-06, -0.000169769, 0.247626, -1.73785e-05)

[node name="Physical Bone shinL" parent="Human_Template_Male/metarig/Skeleton3D" index="13"]
transform = Transform3D(0.997615, 0.000158954, -0.0692199, 0.0691427, 0.0389606, 0.997086, 0.00285257, -1.00035, 0.0388288, 0.164136, 0.335474, 0.00517939)
joint_offset = Transform3D(1, 0, 0, 0, 1, 0, 0, 0, 1, -3.02963e-05, 2.76225e-06, 0.249706)
body_offset = Transform3D(1.00001, -1.78628e-06, -1.66056e-06, 1.14489e-06, 3.98606e-06, -1.00024, 6.17467e-07, 1.00111, -2.45869e-06, 3.07113e-05, 0.249766, -2.15136e-06)

[node name="Physical Bone footL" parent="Human_Template_Male/metarig/Skeleton3D" index="14"]
transform = Transform3D(1, 1.32594e-07, -1.77843e-07, 2.03207e-07, -0.889708, 0.456532, -1.04821e-07, -0.456532, -0.889708, 0.18168, 0.0580919, 0.0509249)
joint_offset = Transform3D(1, 0, 0, 0, 1, 0, 0, 0, 1, -0.000300676, -9.0979e-05, 0.0623561)
body_offset = Transform3D(1, -5.43849e-11, 1.05315e-08, 1.05289e-08, -1.19209e-07, -1, -3.12639e-13, 1, -1.19209e-07, 0.000300676, 0.0623561, 9.09865e-05)

[node name="Physical Bone thighR" parent="Human_Template_Male/metarig/Skeleton3D" index="15"]
transform = Transform3D(0.995057, -0.000741563, 0.0993008, -0.099297, 0.00395882, 0.99505, -0.00113016, -0.998666, 0.00387127, -0.122413, 0.829018, 0.0158226)
joint_offset = Transform3D(1, 0, 0, 0, 1, 0, 0, 0, 1, -1.92603e-06, 1.47589e-06, 0.245866)
body_offset = Transform3D(1, -1.48593e-06, 7.59856e-08, 3.36754e-08, -4.99631e-06, -1, -8.55885e-07, 0.998674, -5.49108e-06, 1.90735e-06, 0.245866, -1.23866e-07)

[node name="Physical Bone shinR" parent="Human_Template_Male/metarig/Skeleton3D" index="16"]
transform = Transform3D(0.997615, -0.000157687, 0.0692081, -0.069145, 0.0390436, 0.997306, -0.00285333, -1.00237, 0.038844, -0.1641, 0.335529, 0.00517246)
joint_offset = Transform3D(1, 0, 0, 0, 1, 0, 0, 0, 1, 4.33085e-06, -4.64759e-06, 0.249594)
body_offset = Transform3D(1.00001, 3.06801e-06, -2.5292e-05, 1.17716e-06, -5.21541e-07, -1.00046, 5.07571e-08, 1.00313, -9.04128e-06, 1.98185e-06, 0.249709, 6.9188e-06)

[node name="Physical Bone footR" parent="Human_Template_Male/metarig/Skeleton3D" index="17"]
transform = Transform3D(1, -1.32694e-07, 1.78118e-07, -2.03208e-07, -0.889708, 0.456532, 1.0482e-07, -0.456532, -0.889708, -0.181711, 0.0581525, 0.05101)
joint_offset = Transform3D(1, 0, 0, 0, 1, 0, 0, 0, 1, 0.000332058, 1.74342e-06, 0.0624041)
joint_rotation = Vector3(0, 0, 0)
body_offset = Transform3D(1, -4.61213e-11, -1.02564e-08, -1.05296e-08, -1.19209e-07, -1, 1.42109e-12, 1, -1.19209e-07, -0.000332057, 0.0624042, -1.73599e-06)

[node name="ProjectilePlacement" parent="Human_Template_Male" index="2"]
transform = Transform3D(1, 0, 0, 0, 1, 0, 0, 0, 1, -0.314392, 1.25401, 0.260283)

[node name="MeshInstance3D" parent="Human_Template_Male" index="3"]
mesh = SubResource("CapsuleMesh_04st4")

[node name="AnimationTree" parent="." index="2"]
parameters/Movement/playback = SubResource("AnimationNodeStateMachinePlayback_jpoj1")

[node name="NPC_Meat_Male" parent="." index="5" instance=ExtResource("5_0snu2")]
visible = false

[node name="Skeleton3D" parent="NPC_Meat_Male/Meat_Male" index="0"]
bones/0/position = Vector3(5.28339e-06, -0.332594, -0.54277)
bones/0/rotation = Quaternion(0.115415, -0.395018, 0.0500992, 0.910017)
bones/1/rotation = Quaternion(-0.0855464, 0.257638, -0.0341717, 0.96184)
bones/2/rotation = Quaternion(-0.0774642, 1.47834e-08, -2.14509e-10, 0.996995)
bones/3/rotation = Quaternion(0.0016272, -7.6543e-09, -1.2455e-11, 0.999999)
bones/5/rotation = Quaternion(-0.0943413, 0.100049, -0.029062, 0.990073)
bones/6/rotation = Quaternion(-0.0662269, -0.151612, 0.00775617, 0.986188)
bones/8/position = Vector3(0.0884713, 0.319367, 0.00406386)
bones/8/rotation = Quaternion(-0.0719196, 0.398564, -0.762487, 0.504567)
bones/9/rotation = Quaternion(0.673036, 0.27045, 0.215104, 0.653919)
bones/10/rotation = Quaternion(0.220691, -0.0901128, 0.0890432, 0.967082)
bones/12/rotation = Quaternion(-0.302244, -0.644842, 0.559265, 0.424322)
bones/13/rotation = Quaternion(0.617944, 0.255034, 0.473354, 0.573619)
bones/14/rotation = Quaternion(-0.0109359, -0.215798, 0.439103, 0.872067)
bones/17/rotation = Quaternion(0.941861, 0.18351, -0.0298982, 0.279871)
bones/18/rotation = Quaternion(0.200079, 0.0195641, 0.119206, 0.972304)
bones/19/rotation = Quaternion(-0.319062, -0.399253, 0.0832966, 0.855487)
bones/20/rotation = Quaternion(0.0781454, -0.892069, 0.442622, 0.0468224)
bones/21/rotation = Quaternion(0.99213, -0.0312377, -0.0136453, 0.120482)
bones/22/rotation = Quaternion(0.133189, -0.00543045, 0.0551793, 0.989538)
bones/23/rotation = Quaternion(-0.63094, 0.058593, -0.162835, 0.756285)
bones/24/rotation = Quaternion(-0.0096788, -0.989604, 0.119311, 0.0797224)

[node name="Skeleton3D" parent="NPC_Meat_Male/Fish_Weapon" index="0"]
bones/1/rotation = Quaternion(1, -1.11022e-16, -1.11022e-16, -2.98023e-08)

[editable path="Human_Template_Male"]
[editable path="NPC_Meat_Male"]
