[gd_scene load_steps=9 format=3 uid="uid://wg7ab83x00f2"]

[ext_resource type="PackedScene" uid="uid://dklaxvd7swq26" path="res://Characters/Character.tscn" id="1_ex4bq"]
[ext_resource type="Script" path="res://Characters/Meat/meat_seafood_dude.gd" id="2_qd4mi"]
[ext_resource type="Script" path="res://Characters/Resources/character_data.gd" id="3_tdnbw"]
[ext_resource type="PackedScene" uid="uid://cc653p6ws20k1" path="res://Projectile/Knife/knife.tscn" id="4_0ocn6"]

[sub_resource type="Resource" id="Resource_8gd2v"]
script = ExtResource("3_tdnbw")
Team = "MEAT"
max_health = 100
single_fire = true
base_damage = 10
special_damage = 0
projectile_damage = 30
projectile_speed = 50.0
max_ammo = 5
move_speed = 5.0
acceleration = 0.1
gravity = 30.0
dodge_force = 17.0
punch_force = 13.0

[sub_resource type="StandardMaterial3D" id="StandardMaterial3D_p52gw"]
albedo_color = Color(0.694118, 0, 0.113725, 1)

[sub_resource type="CapsuleMesh" id="CapsuleMesh_04st4"]
material = SubResource("StandardMaterial3D_p52gw")
radius = 0.201
height = 0.654

[sub_resource type="AnimationNodeStateMachinePlayback" id="AnimationNodeStateMachinePlayback_jpoj1"]

[node name="MeatSeafoodDude" instance=ExtResource("1_ex4bq")]
script = ExtResource("2_qd4mi")
character_stats = SubResource("Resource_8gd2v")
projectile = ExtResource("4_0ocn6")

[node name="Skeleton3D" parent="Human_Template_Male/metarig" index="0"]
bones/6/rotation = Quaternion(-0.0608038, -0.0103942, -0.028004, 0.997703)
bones/8/position = Vector3(0.0183, 0.145353, 0.0784833)
bones/31/position = Vector3(-0.0183, 0.145353, 0.0784833)

[node name="RightHookBone" parent="Human_Template_Male/metarig/Skeleton3D" index="1"]
transform = Transform3D(-0.996636, 0.0819602, -5.96941e-05, -0.0809554, -0.984304, 0.156818, 0.0127941, 0.156295, 0.987628, -0.288997, 1.0978, 0.0555382)

[node name="LeftHookBone" parent="Human_Template_Male/metarig/Skeleton3D" index="2"]
transform = Transform3D(-0.996636, -0.0819603, 5.95488e-05, 0.0809555, -0.984304, 0.156818, -0.0127942, 0.156295, 0.987628, 0.288997, 1.0978, 0.0555382)

[node name="Physical Bone spine" parent="Human_Template_Male/metarig/Skeleton3D" index="3"]
transform = Transform3D(0.999514, -7.0346e-14, -4.83169e-13, -4.85644e-12, 0.999999, -2.38419e-07, -5.59623e-11, 2.68221e-07, 0.999999, -1.38657e-08, 1.37348, 0.016659)
joint_offset = Transform3D(1, 0, 0, 0, 1, 0, 0, 0, 1, 1.38724e-08, -0.363581, -0.071859)
body_offset = Transform3D(0.999514, -7.0346e-14, -4.83169e-13, -1.86731e-11, 0.968338, 0.249639, -5.29781e-11, -0.249639, 0.968338, -1.38657e-08, 0.370008, -0.0211803)

[node name="Physical Bone spine005" parent="Human_Template_Male/metarig/Skeleton3D" index="4"]
transform = Transform3D(0.258819, -0.966407, -1.77149e-07, 0.965922, 0.258819, 1.49012e-08, -7.51684e-07, -2.27382e-07, 0.999999, -1.27613e-08, 1.8518, 0.0674139)
joint_offset = Transform3D(1, 0, 0, 0, 1, 0, 0, 0, 1, -0.127599, -0.034173, -0.0544142)
body_offset = Transform3D(0.258819, -0.966407, -1.77149e-07, 0.948957, 0.254273, 0.186599, -0.180241, -0.0482956, 0.982435, -1.27613e-08, 0.139929, 0.0288094)

[node name="Physical Bone shoulderL" parent="Human_Template_Male/metarig/Skeleton3D" index="5"]
transform = Transform3D(0.989404, -0.145436, -2.62558e-07, 0.14544, 0.989725, -7.64703e-08, -8.91219e-05, 9.67015e-06, 0.999878, 0.223738, 1.50949, -0.000106805)
joint_offset = Transform3D(1, 0, 0, 0, 1, 0, 0, 0, 1, -0.188154, 0.132547, 0.0684972)
body_offset = Transform3D(0.501634, -0.0738143, 0.861785, 0.85272, -0.125919, -0.507033, 0.145964, 0.989648, -0.000225895, 0.0451386, 0.211863, -0.103696)

[node name="Physical Bone forearmL" parent="Human_Template_Male/metarig/Skeleton3D" index="6"]
transform = Transform3D(0.999995, -9.67504e-08, 3.56672e-07, 1.83191e-06, -0.196544, 0.980495, 8.73215e-07, -0.98049, -0.196544, 0.267265, 1.23587, 0.0256136)
joint_offset = Transform3D(1, 0, 0, 0, 1, 0, 0, 0, 1, 0.00623961, 0.00120909, 0.141824)
body_offset = Transform3D(-0.996972, 0.0546272, -0.0552384, 0.0546543, -0.0120882, -0.998432, -0.0552079, -0.998429, 0.00906661, 0.0139888, 0.141275, 0.000265807)

[node name="Physical Bone handL" parent="Human_Template_Male/metarig/Skeleton3D" index="7"]
transform = Transform3D(0.999991, -8.30448e-06, 3.58317e-05, -1.92149e-05, 0.167404, -0.985882, 4.03925e-06, 0.985882, 0.167405, 0.262923, 0.979, 0.0669844)
joint_offset = Transform3D(1, 0, 0, 0, 1, 0, 0, 0, 1, 0.0260787, 0.00861467, -0.119108)
body_offset = Transform3D(-0.996628, 0.000947009, -0.0819901, -0.0819399, -0.0106878, 0.996569, 6.053e-05, 0.999936, 0.0107305, 0.0162169, 0.120928, -0.00733761)

[node name="Physical Bone shoulderR" parent="Human_Template_Male/metarig/Skeleton3D" index="8"]
transform = Transform3D(0.999556, -1.07684e-08, 1.85131e-07, 1.5134e-09, 0.999711, -1.1806e-07, 7.09459e-07, -2.89583e-09, 0.999998, -0.204237, 1.59905, 0.00613263)
joint_offset = Transform3D(1, 0, 0, 0, 1, 0, 0, 0, 1, 0.186019, 0.0142627, 0.0622674)
body_offset = Transform3D(0.506869, 7.3576e-05, -0.861889, -0.861508, -0.000570417, -0.507094, -0.000528889, 0.999711, -0.00022599, -0.040621, 0.191841, -0.0141461)

[node name="Physical Bone upper_armR" parent="Human_Template_Male/metarig/Skeleton3D" index="9"]
transform = Transform3D(-0.973724, -0.0768935, 0.214048, 0.217358, -0.0371803, 0.975287, -0.0670569, 0.996251, 0.0529303, -0.246087, 1.49129, 0.00332852)
joint_offset = Transform3D(1, 0, 0, 0, 1, 0, 0, 0, 1, 0.0018027, -0.000295756, 0.1359)
body_offset = Transform3D(0.99994, -1.70246e-05, 2.34356e-05, 1.00438e-05, -4.6812e-05, -0.999901, 3.06219e-06, 0.999906, -3.51332e-05, -0.00180578, 0.135887, 0.000300497)

[node name="Physical Bone forearmR" parent="Human_Template_Male/metarig/Skeleton3D" index="10"]
transform = Transform3D(-0.996993, 0.0552029, 0.0546436, 0.064875, 0.204986, 0.976601, 0.0427125, 0.977202, -0.207948, -0.281295, 1.22413, 0.0261339)
joint_offset = Transform3D(1, 0, 0, 0, 1, 0, 0, 0, 1, 0.000736927, 0.00238571, 0.153612)
body_offset = Transform3D(1.00001, -1.59442e-06, 1.99098e-05, 2.42684e-05, 0.000142038, -0.999989, 1.91107e-06, 0.999995, 0.00014089, -0.000739992, 0.15361, -0.00240734)

[node name="Physical Bone handR" parent="Human_Template_Male/metarig/Skeleton3D" index="11"]
transform = Transform3D(0.980335, 0.196701, -0.0155007, 0.107864, -0.468471, 0.87685, 0.165218, -0.861301, -0.480477, -0.288485, 1.06609, 0.0671871)
joint_offset = Transform3D(1, 0, 0, 0, 1, 0, 0, 0, 1, 0.00100074, -0.00495408, 0.0334693)
body_offset = Transform3D(-0.983655, -0.169133, -0.0616844, 1.30385e-08, 0.342623, -0.939453, 0.18003, -0.924121, -0.337026, 0.00221102, 0.0331402, 0.00652167)

[node name="Physical Bone thighL" parent="Human_Template_Male/metarig/Skeleton3D" index="12"]
transform = Transform3D(0.995057, 0.000740877, -0.0993009, 0.0992972, 0.00395898, 0.99505, 0.00113197, -0.99951, 0.00386354, 0.122421, 0.82725, 0.0158329)
joint_offset = Transform3D(1, 0, 0, 0, 1, 0, 0, 0, 1, 0.000169837, 1.6878e-05, 0.247626)
body_offset = Transform3D(1, -1.35857e-07, -2.72957e-07, -2.32394e-07, -1.95554e-06, -1, -9.44478e-07, 0.999518, 2.24286e-06, -0.000169769, 0.247626, -1.7425e-05)

[node name="Physical Bone shinL" parent="Human_Template_Male/metarig/Skeleton3D" index="13"]
transform = Transform3D(0.997615, 0.000159044, -0.0692199, 0.0691428, 0.0389573, 0.997086, 0.00285288, -1.00024, 0.0388288, 0.16413, 0.33548, 0.00518001)
joint_offset = Transform3D(1, 0, 0, 0, 1, 0, 0, 0, 1, -2.41869e-05, 3.13563e-06, 0.249699)
body_offset = Transform3D(1.00001, -1.60071e-06, -1.66056e-06, 1.05098e-06, 2.8722e-06, -1.00024, 3.12692e-07, 1.001, -2.45869e-06, 2.46018e-05, 0.249759, -2.52482e-06)

[node name="Physical Bone footL" parent="Human_Template_Male/metarig/Skeleton3D" index="14"]
transform = Transform3D(1, 1.32551e-07, -1.77844e-07, 2.03207e-07, -0.889708, 0.456532, -1.04821e-07, -0.456532, -0.889709, 0.181469, 0.0580919, 0.0509249)
joint_offset = Transform3D(1, 0, 0, 0, 1, 0, 0, 0, 1, -8.94821e-05, -9.09715e-05, 0.062356)
body_offset = Transform3D(1, -9.67191e-11, 1.0531e-08, 1.05289e-08, -1.19209e-07, -1, -3.12639e-13, 1, -1.19209e-07, 8.94815e-05, 0.0623561, 9.0979e-05)

[node name="Physical Bone thighR" parent="Human_Template_Male/metarig/Skeleton3D" index="15"]
transform = Transform3D(0.995057, -0.000741563, 0.0993008, -0.099297, 0.00395888, 0.99505, -0.00113016, -0.99951, 0.00386798, -0.12241, 0.829033, 0.0158226)
joint_offset = Transform3D(1, 0, 0, 0, 1, 0, 0, 0, 1, -2.76507e-06, 6.41023e-07, 0.245851)
body_offset = Transform3D(1, -5.37257e-07, 9.46134e-08, 3.3664e-08, -1.79373e-06, -1, -8.58796e-07, 0.999518, -2.19699e-06, 2.74181e-06, 0.245851, -1.00583e-07)

[node name="Physical Bone shinR" parent="Human_Template_Male/metarig/Skeleton3D" index="16"]
transform = Transform3D(0.997615, -0.000159341, 0.0692044, -0.0691447, 0.0389634, 0.997102, -0.00285331, -1.00031, 0.0388351, -0.1641, 0.335538, 0.00517764)
joint_offset = Transform3D(1, 0, 0, 0, 1, 0, 0, 0, 1, 3.16894e-06, -7.83007e-08, 0.249636)
body_offset = Transform3D(1.00001, 1.07568e-06, -1.48433e-05, 9.00596e-07, -5.55068e-07, -1.00026, 3.84171e-08, 1.00107, -8.09133e-06, 5.36442e-07, 0.2497, 2.09827e-06)

[node name="Physical Bone footR" parent="Human_Template_Male/metarig/Skeleton3D" index="17"]
transform = Transform3D(1, -1.32695e-07, 1.78118e-07, -2.03207e-07, -0.889708, 0.456532, 1.04821e-07, -0.456532, -0.889709, -0.1815, 0.0581522, 0.0510093)
joint_offset = Transform3D(1, 0, 0, 0, 1, 0, 0, 0, 1, 0.000120864, 1.19208e-06, 0.0624036)
joint_rotation = Vector3(0, 0, 0)
body_offset = Transform3D(1, -4.64553e-11, -1.02569e-08, -1.05294e-08, -1.19209e-07, -1, 7.03437e-13, 1, -1.19209e-07, -0.000120863, 0.0624037, -1.18464e-06)

[node name="ProjectilePlacement" parent="Human_Template_Male" index="2"]
transform = Transform3D(1, 0, 0, 0, 1, 0, 0, 0, 1, -0.314392, 1.25401, 0.260283)

[node name="MeshInstance3D" parent="Human_Template_Male" index="3"]
mesh = SubResource("CapsuleMesh_04st4")

[node name="AnimationTree" parent="." index="2"]
parameters/Movement/playback = SubResource("AnimationNodeStateMachinePlayback_jpoj1")

[editable path="Human_Template_Male"]
