[gd_scene load_steps=7 format=3 uid="uid://wg7ab83x00f2"]

[ext_resource type="PackedScene" uid="uid://dklaxvd7swq26" path="res://Characters/Character.tscn" id="1_ex4bq"]
[ext_resource type="Script" path="res://Characters/Meat/meat_seafood_dude.gd" id="2_qd4mi"]
[ext_resource type="Script" path="res://Characters/Resources/character_data.gd" id="3_tdnbw"]
[ext_resource type="PackedScene" uid="uid://cc653p6ws20k1" path="res://Projectile/Knife/knife.tscn" id="4_0ocn6"]

[sub_resource type="Resource" id="Resource_8gd2v"]
script = ExtResource("3_tdnbw")
Team = "MEAT"
max_health = 100
single_fire = true
base_damage = 10
special_damage = 0
projectile_speed = 50.0
projectile_damage = 30
max_ammo = 10
move_speed = 15.0
acceleration = 0.2
gravity = 30.0

[sub_resource type="AnimationNodeStateMachinePlayback" id="AnimationNodeStateMachinePlayback_jpoj1"]

[node name="MeatSeafoodDude" instance=ExtResource("1_ex4bq")]
script = ExtResource("2_qd4mi")
character_stats = SubResource("Resource_8gd2v")
projectile = ExtResource("4_0ocn6")

[node name="Skeleton3D" parent="Human_Template_Male/metarig" index="0"]
bones/6/rotation = Quaternion(-0.071027, -0.00717144, -0.0193212, 0.997261)
bones/8/position = Vector3(0.0183, 0.143651, 0.0784346)
bones/31/position = Vector3(-0.0183, 0.143651, 0.0784347)

[node name="RightHookBone" parent="Human_Template_Male/metarig/Skeleton3D" index="1"]
transform = Transform3D(-0.996636, 0.0819602, -5.96941e-05, -0.0809554, -0.984304, 0.156818, 0.0127941, 0.156295, 0.987628, -0.288997, 1.09609, 0.0555382)

[node name="LeftHookBone" parent="Human_Template_Male/metarig/Skeleton3D" index="2"]
transform = Transform3D(-0.996636, -0.0819603, 5.95488e-05, 0.0809555, -0.984304, 0.156818, -0.0127942, 0.156295, 0.987628, 0.288997, 1.09609, 0.0555382)

[node name="Physical Bone spine" parent="Human_Template_Male/metarig/Skeleton3D" index="3"]
transform = Transform3D(0.999937, -7.0346e-14, -4.83169e-13, -7.26108e-13, 0.999999, -2.38419e-07, -6.25278e-13, 2.68221e-07, 0.999999, -1.38647e-08, 1.37348, 0.0166578)
joint_offset = Transform3D(1, 0, 0, 0, 1, 0, 0, 0, 1, 1.38655e-08, -0.363581, -0.0718578)
body_offset = Transform3D(0.999937, -7.0346e-14, -4.83169e-13, -8.59757e-13, 0.968338, 0.249639, -4.26326e-13, -0.249639, 0.968338, -1.38647e-08, 0.370008, -0.0211814)

[node name="Physical Bone spine005" parent="Human_Template_Male/metarig/Skeleton3D" index="4"]
transform = Transform3D(0.258819, -0.965984, -1.76947e-07, 0.965922, 0.258819, 1.49012e-08, -7.51684e-07, -2.27271e-07, 0.999999, -1.27388e-08, 1.8518, 0.0674143)
joint_offset = Transform3D(1, 0, 0, 0, 1, 0, 0, 0, 1, -0.127596, -0.0341873, -0.0544145)
body_offset = Transform3D(0.258819, -0.965984, -1.76947e-07, 0.948957, 0.254273, 0.186599, -0.180241, -0.0482956, 0.982435, -1.27388e-08, 0.13993, 0.0288096)

[node name="Physical Bone shoulderL" parent="Human_Template_Male/metarig/Skeleton3D" index="5"]
transform = Transform3D(0.989303, -0.145429, -2.62503e-07, 0.145435, 0.989302, 2.76923e-08, -6.47878e-06, 2.53125e-06, 0.999878, 0.223683, 1.50787, -1.36197e-05)
joint_offset = Transform3D(1, 0, 0, 0, 1, 0, 0, 0, 1, -0.188068, 0.132901, 0.0684205)
body_offset = Transform3D(0.501654, -0.0738168, 0.861785, 0.852591, -0.125909, -0.507033, 0.145958, 0.989225, -0.000225791, 0.0451915, 0.21177, -0.104004)

[node name="Physical Bone forearmL" parent="Human_Template_Male/metarig/Skeleton3D" index="6"]
transform = Transform3D(1, 1.71471e-07, 3.9538e-07, 1.6205e-07, -0.196544, 0.98049, 5.08138e-07, -0.98049, -0.196544, 0.267305, 1.23424, 0.0257765)
joint_offset = Transform3D(1, 0, 0, 0, 1, 0, 0, 0, 1, 0.00619927, 0.00130703, 0.142164)
body_offset = Transform3D(-0.996977, 0.0546269, -0.0552381, 0.0546562, -0.0120883, -0.998427, -0.0552089, -0.998429, 0.00906605, 0.013962, 0.141618, 0.000358358)

[node name="Physical Bone handL" parent="Human_Template_Male/metarig/Skeleton3D" index="7"]
transform = Transform3D(0.999997, -3.16912e-07, 2.55082e-07, -9.74216e-07, 0.167404, -0.985883, 6.24112e-07, 0.985882, 0.167405, 0.262923, 0.977355, 0.0670683)
joint_offset = Transform3D(1, 0, 0, 0, 1, 0, 0, 0, 1, 0.0260743, 0.00858762, -0.11945)
body_offset = Transform3D(-0.996632, 0.000939027, -0.0819547, -0.0819588, -0.0106882, 0.996573, 6.0018e-05, 0.999936, 0.0107296, 0.0161889, 0.121269, -0.00730699)

[node name="Physical Bone palm01L" parent="Human_Template_Male/metarig/Skeleton3D" index="8"]
transform = Transform3D(0.0287717, -0.997462, 0.0649542, -0.333477, 0.0516817, 0.941341, -0.942318, -0.0487455, -0.33115, 0.286338, 1.0089, 0.0909489)
joint_offset = Transform3D(1, 0, 0, 0, 1, 0, 0, 0, 1, -0.00364686, 0.000539986, 0.0465834)
body_offset = Transform3D(0.999999, 5.28991e-07, 8.04663e-07, -7.7486e-07, 6.85453e-07, -1, -1.15484e-07, 0.999988, 3.69363e-06, 0.00364682, 0.0465835, -0.000540152)

[node name="Physical Bone shoulderR" parent="Human_Template_Male/metarig/Skeleton3D" index="9"]
transform = Transform3D(0.999556, -5.3551e-09, 1.85076e-07, 8.73115e-10, 0.999711, -1.37516e-08, 7.69064e-07, -1.41154e-09, 0.999998, -0.204255, 1.59689, 0.00613288)
joint_offset = Transform3D(1, 0, 0, 0, 1, 0, 0, 0, 1, 0.186038, 0.0151056, 0.0622671)
body_offset = Transform3D(0.506869, 7.35775e-05, -0.861889, -0.861508, -0.000570422, -0.507094, -0.00052889, 0.999711, -0.000225886, -0.0406306, 0.191857, -0.0149888)

[node name="Physical Bone upper_armR" parent="Human_Template_Male/metarig/Skeleton3D" index="10"]
transform = Transform3D(-0.973775, -0.0769098, 0.214072, 0.217368, -0.0371901, 0.975349, -0.0670604, 0.996303, 0.0529362, -0.245978, 1.49, 0.00332792)
joint_offset = Transform3D(1, 0, 0, 0, 1, 0, 0, 0, 1, 0.0019045, -0.000286078, 0.135844)
body_offset = Transform3D(0.999991, -6.78003e-06, 1.407e-05, 1.12441e-05, -3.66122e-05, -0.999967, 3.05474e-06, 0.999959, -3.33786e-05, -0.00190639, 0.135839, 0.000290595)

[node name="Physical Bone forearmR" parent="Human_Template_Male/metarig/Skeleton3D" index="11"]
transform = Transform3D(-0.996979, 0.0552041, 0.0546469, 0.0648807, 0.204986, 0.976606, 0.0427116, 0.977202, -0.207948, -0.281269, 1.22272, 0.0261128)
joint_offset = Transform3D(1, 0, 0, 0, 1, 0, 0, 0, 1, 0.000770234, 0.00242492, 0.153701)
body_offset = Transform3D(1, -2.87592e-06, 1.69585e-05, 1.77417e-05, 0.000142217, -0.999994, 3.02121e-06, 0.999995, 0.000142261, -0.000772834, 0.1537, -0.00244677)

[node name="Physical Bone handR" parent="Human_Template_Male/metarig/Skeleton3D" index="12"]
transform = Transform3D(0.980335, 0.196701, -0.0155038, 0.107864, -0.468471, 0.876868, 0.165217, -0.861301, -0.48048, -0.288493, 1.06476, 0.0671887)
joint_offset = Transform3D(1, 0, 0, 0, 1, 0, 0, 0, 1, 0.00101038, -0.00496028, 0.0334866)
body_offset = Transform3D(-0.983655, -0.169133, -0.0616829, -2.29105e-07, 0.342623, -0.939472, 0.18003, -0.924121, -0.337026, 0.00222047, 0.0331593, 0.00652006)

[node name="Physical Bone thighL" parent="Human_Template_Male/metarig/Skeleton3D" index="13"]
transform = Transform3D(0.995057, 0.000741482, -0.0993009, 0.0992972, 0.00395898, 0.99505, 0.00113114, -0.999933, 0.00386353, 0.122389, 0.827416, 0.0158226)
joint_offset = Transform3D(1, 0, 0, 0, 1, 0, 0, 0, 1, 0.000184887, 5.96662e-06, 0.247458)
body_offset = Transform3D(1, -1.22236e-08, -2.1336e-07, -2.29196e-07, -2.61236e-07, -1, -1.17347e-07, 0.99994, 2.24984e-06, -0.000184834, 0.247458, -6.52298e-06)

[node name="Physical Bone shinL" parent="Human_Template_Male/metarig/Skeleton3D" index="14"]
transform = Transform3D(0.997615, 0.000160157, -0.0692087, 0.0691434, 0.0389253, 0.996951, 0.00285319, -0.999357, 0.0388226, 0.1641, 0.335502, 0.00518029)
joint_offset = Transform3D(1, 0, 0, 0, 1, 0, 0, 0, 1, 3.07011e-06, 2.33598e-06, 0.24971)
body_offset = Transform3D(1.00001, -1.81142e-07, 5.76256e-08, 4.20659e-07, 5.40167e-07, -1.0001, 3.00352e-08, 1.00011, -1.50874e-06, -3.08454e-06, 0.249736, -1.9595e-06)

[node name="Physical Bone thighR" parent="Human_Template_Male/metarig/Skeleton3D" index="16"]
transform = Transform3D(0.995057, -0.000741563, 0.0993008, -0.099297, 0.00395888, 0.99505, -0.00113016, -0.999933, 0.00386624, -0.12241, 0.829045, 0.0158226)
joint_offset = Transform3D(1, 0, 0, 0, 1, 0, 0, 0, 1, -2.46753e-06, 1.66468e-07, 0.245839)
body_offset = Transform3D(1, -5.90226e-08, 9.65729e-08, 3.36559e-08, -1.59489e-07, -1, -8.60891e-07, 0.99994, -4.64963e-07, 2.44379e-06, 0.245839, -5.21541e-08)

[node name="Physical Bone shinR" parent="Human_Template_Male/metarig/Skeleton3D" index="17"]
transform = Transform3D(0.997617, -0.000160175, 0.0692018, -0.0691446, 0.038926, 0.996857, -0.00285329, -0.999363, 0.0388181, -0.164101, 0.335541, 0.00517964)
joint_offset = Transform3D(1, 0, 0, 0, 1, 0, 0, 0, 1, 2.65737e-07, -2.06984e-08, 0.249694)
body_offset = Transform3D(1.00001, 1.29687e-07, -4.0781e-07, 6.9134e-07, 5.21541e-08, -1.00001, 2.35159e-08, 1.00012, -6.92904e-07, -1.63913e-07, 0.249697, 1.93715e-07)

[node name="Physical Bone footR" parent="Human_Template_Male/metarig/Skeleton3D" index="18"]
transform = Transform3D(1, -1.32648e-07, 1.78117e-07, -2.03207e-07, -0.889706, 0.456531, 1.04821e-07, -0.456531, -0.889707, -0.181394, 0.0581515, 0.0510079)
joint_offset = Transform3D(1, 0, 0, 0, 1, 0, 0, 0, 1, 1.49912e-05, -3.35392e-08, 0.0624028)
body_offset = Transform3D(1, 1.20792e-13, -1.02573e-08, -1.05291e-08, -1.19209e-07, -0.999999, -1.63425e-13, 0.999999, -1.19209e-07, -1.49906e-05, 0.0624027, 4.09782e-08)

[node name="AnimationTree" parent="." index="2"]
parameters/Movement/playback = SubResource("AnimationNodeStateMachinePlayback_jpoj1")

[editable path="Human_Template_Male"]
