[gd_scene load_steps=9 format=3 uid="uid://wg7ab83x00f2"]

[ext_resource type="PackedScene" uid="uid://dklaxvd7swq26" path="res://Characters/Character.tscn" id="1_ex4bq"]
[ext_resource type="Script" path="res://Characters/Meat/meat_seafood_dude.gd" id="2_qd4mi"]
[ext_resource type="Script" path="res://Characters/Resources/character_data.gd" id="3_tdnbw"]
[ext_resource type="PackedScene" uid="uid://cc653p6ws20k1" path="res://Projectile/Knife/knife.tscn" id="4_0ocn6"]

[sub_resource type="Resource" id="Resource_8gd2v"]
resource_local_to_scene = true
script = ExtResource("3_tdnbw")
Team = "Meat"
max_health = 100
single_fire = true
base_damage = 10
special_damage = 0
projectile_damage = 30
projectile_speed = 50.0
max_ammo = 5
move_speed = 5.0
acceleration = 0.1
gravity = 30.0
dodge_force = 17.0
punch_force = 13.0

[sub_resource type="StandardMaterial3D" id="StandardMaterial3D_p52gw"]
albedo_color = Color(0.694118, 0, 0.113725, 1)

[sub_resource type="CapsuleMesh" id="CapsuleMesh_04st4"]
material = SubResource("StandardMaterial3D_p52gw")
radius = 0.201
height = 0.654

[sub_resource type="AnimationNodeStateMachinePlayback" id="AnimationNodeStateMachinePlayback_jpoj1"]

[node name="MeatSeafoodDude" instance=ExtResource("1_ex4bq")]
script = ExtResource("2_qd4mi")
character_stats = SubResource("Resource_8gd2v")
projectile = ExtResource("4_0ocn6")

[node name="Skeleton3D" parent="Human_Template_Male/metarig" index="0"]
bones/6/rotation = Quaternion(-0.0719241, -0.00688838, -0.0185585, 0.997214)
bones/8/position = Vector3(0.0183, 0.143405, 0.0784276)
bones/31/position = Vector3(-0.0183, 0.143405, 0.0784276)

[node name="RightHookBone" parent="Human_Template_Male/metarig/Skeleton3D" index="1"]
transform = Transform3D(-0.996636, 0.0819602, -5.96941e-05, -0.0809554, -0.984304, 0.156818, 0.0127941, 0.156295, 0.987628, -0.288997, 1.09585, 0.0555382)

[node name="LeftHookBone" parent="Human_Template_Male/metarig/Skeleton3D" index="2"]
transform = Transform3D(-0.996636, -0.0819603, 5.95488e-05, 0.0809555, -0.984304, 0.156818, -0.0127942, 0.156295, 0.987628, 0.288997, 1.09585, 0.0555382)

[node name="Physical Bone spine" parent="Human_Template_Male/metarig/Skeleton3D" index="3"]
transform = Transform3D(0.999473, -7.0346e-14, -4.83169e-13, -5.50714e-12, 0.999999, -2.38419e-07, -6.30678e-11, 2.68221e-07, 0.999999, -1.38655e-08, 1.37348, 0.0166594)
joint_offset = Transform3D(1, 0, 0, 0, 1, 0, 0, 0, 1, 1.38728e-08, -0.363581, -0.0718593)
body_offset = Transform3D(0.999473, -7.0346e-14, -4.83169e-13, -2.10889e-11, 0.968338, 0.249639, -5.97424e-11, -0.249639, 0.968338, -1.38655e-08, 0.370008, -0.0211799)

[node name="Physical Bone spine005" parent="Human_Template_Male/metarig/Skeleton3D" index="4"]
transform = Transform3D(0.258819, -0.966448, -1.77169e-07, 0.965922, 0.258819, 1.49012e-08, -7.51684e-07, -2.27392e-07, 0.999999, -1.27638e-08, 1.8518, 0.0674139)
joint_offset = Transform3D(1, 0, 0, 0, 1, 0, 0, 0, 1, -0.127599, -0.0341717, -0.0544142)
body_offset = Transform3D(0.258819, -0.966448, -1.77169e-07, 0.948957, 0.254273, 0.186599, -0.180241, -0.0482956, 0.982435, -1.27638e-08, 0.139929, 0.0288094)

[node name="Physical Bone shoulderL" parent="Human_Template_Male/metarig/Skeleton3D" index="5"]
transform = Transform3D(0.989412, -0.145436, -2.62563e-07, 0.14544, 0.989766, -8.59582e-08, -9.58275e-05, 1.06072e-05, 0.999878, 0.223744, 1.50715, -0.000117243)
joint_offset = Transform3D(1, 0, 0, 0, 1, 0, 0, 0, 1, -0.18816, 0.132543, 0.0685062)
body_offset = Transform3D(0.501633, -0.0738138, 0.861785, 0.85273, -0.12592, -0.507033, 0.145964, 0.989689, -0.000225905, 0.0451329, 0.211874, -0.103696)

[node name="Physical Bone forearmL" parent="Human_Template_Male/metarig/Skeleton3D" index="6"]
transform = Transform3D(0.999995, -9.67504e-08, 6.29725e-07, 2.11503e-06, -0.196544, 0.980505, 9.06743e-07, -0.98049, -0.196546, 0.267265, 1.23357, 0.0255971)
joint_offset = Transform3D(1, 0, 0, 0, 1, 0, 0, 0, 1, 0.00623958, 0.00119935, 0.141787)
body_offset = Transform3D(-0.996972, 0.0546272, -0.0552392, 0.0546541, -0.0120882, -0.998442, -0.0552078, -0.998429, 0.0090674, 0.0139874, 0.14124, 0.0002563)

[node name="Physical Bone handL" parent="Human_Template_Male/metarig/Skeleton3D" index="7"]
transform = Transform3D(0.999991, -9.36345e-06, 3.58466e-05, -2.10869e-05, 0.167404, -0.985882, 4.47003e-06, 0.985882, 0.167405, 0.262923, 0.976694, 0.0669764)
joint_offset = Transform3D(1, 0, 0, 0, 1, 0, 0, 0, 1, 0.0260787, 0.00861788, -0.119079)
body_offset = Transform3D(-0.996628, 0.000948064, -0.0819901, -0.081938, -0.0106877, 0.996569, 6.06607e-05, 0.999936, 0.0107305, 0.0162193, 0.120899, -0.00734113)

[node name="Physical Bone shoulderR" parent="Human_Template_Male/metarig/Skeleton3D" index="8"]
transform = Transform3D(0.999556, -1.3737e-08, 1.85136e-07, 2.2701e-09, 0.999711, -1.27489e-07, 7.09459e-07, -3.55067e-09, 0.999998, -0.204235, 1.59679, 0.00613233)
joint_offset = Transform3D(1, 0, 0, 0, 1, 0, 0, 0, 1, 0.186018, 0.0141821, 0.0622677)
body_offset = Transform3D(0.506869, 7.35751e-05, -0.861889, -0.861508, -0.000570414, -0.507094, -0.000528889, 0.999711, -0.000226, -0.0406198, 0.191839, -0.0140655)

[node name="Physical Bone upper_armR" parent="Human_Template_Male/metarig/Skeleton3D" index="9"]
transform = Transform3D(-0.973724, -0.0768876, 0.214048, 0.217358, -0.0371765, 0.975287, -0.0670569, 0.996228, 0.0529303, -0.246093, 1.48894, 0.00332847)
joint_offset = Transform3D(1, 0, 0, 0, 1, 0, 0, 0, 1, 0.00179948, -0.000296783, 0.135916)
body_offset = Transform3D(0.99994, -2.03773e-05, 2.34356e-05, 1.0014e-05, -5.05336e-05, -0.999901, 3.05474e-06, 0.999882, -3.51332e-05, -0.00180256, 0.135903, 0.000301518)

[node name="Physical Bone forearmR" parent="Human_Template_Male/metarig/Skeleton3D" index="10"]
transform = Transform3D(-0.996989, 0.0552029, 0.0546436, 0.0648742, 0.204986, 0.976601, 0.0427123, 0.977202, -0.207948, -0.281295, 1.22181, 0.0261352)
joint_offset = Transform3D(1, 0, 0, 0, 1, 0, 0, 0, 1, 0.000736093, 0.00238193, 0.1536)
body_offset = Transform3D(1.00001, -1.59442e-06, 1.99247e-05, 2.47378e-05, 0.000142038, -0.999989, 1.76951e-06, 0.999995, 0.000141233, -0.000739157, 0.153598, -0.00240362)

[node name="Physical Bone handR" parent="Human_Template_Male/metarig/Skeleton3D" index="11"]
transform = Transform3D(0.980335, 0.196701, -0.0154994, 0.107864, -0.468471, 0.876835, 0.165218, -0.861301, -0.480474, -0.288485, 1.06376, 0.0671871)
joint_offset = Transform3D(1, 0, 0, 0, 1, 0, 0, 0, 1, 0.00100075, -0.00495431, 0.0334697)
body_offset = Transform3D(-0.983655, -0.169133, -0.0616845, -3.72529e-09, 0.342623, -0.939438, 0.18003, -0.924121, -0.337026, 0.00221102, 0.0331402, 0.00652161)

[node name="Physical Bone thighL" parent="Human_Template_Male/metarig/Skeleton3D" index="12"]
transform = Transform3D(0.995057, 0.000740814, -0.0993009, 0.0992972, 0.00395898, 0.99505, 0.001132, -0.99947, 0.00386354, 0.12242, 0.82725, 0.0158329)
joint_offset = Transform3D(1, 0, 0, 0, 1, 0, 0, 0, 1, 0.000169837, 1.68624e-05, 0.247626)
body_offset = Transform3D(1, -1.53319e-07, -2.72954e-07, -1.65476e-07, -2.1169e-06, -1, -9.80333e-07, 0.999477, 2.24076e-06, -0.000169769, 0.247626, -1.74083e-05)

[node name="Physical Bone shinL" parent="Human_Template_Male/metarig/Skeleton3D" index="13"]
transform = Transform3D(0.997615, 0.00015899, -0.0692199, 0.0691427, 0.0389593, 0.997086, 0.00285273, -1.00033, 0.0388288, 0.164134, 0.335474, 0.00517948)
joint_offset = Transform3D(1, 0, 0, 0, 1, 0, 0, 0, 1, -2.77631e-05, 2.83023e-06, 0.249705)
body_offset = Transform3D(1.00001, -1.76555e-06, -1.66056e-06, 1.14629e-06, 4.27663e-06, -1.00024, 4.6147e-07, 1.00109, -2.45869e-06, 2.81781e-05, 0.249765, -2.21934e-06)

[node name="Physical Bone footL" parent="Human_Template_Male/metarig/Skeleton3D" index="14"]
transform = Transform3D(1, 1.32561e-07, -1.77843e-07, 2.03207e-07, -0.889708, 0.456532, -1.04821e-07, -0.456532, -0.889708, 0.181479, 0.0580919, 0.0509249)
joint_offset = Transform3D(1, 0, 0, 0, 1, 0, 0, 0, 1, -9.97043e-05, -9.0979e-05, 0.0623561)
body_offset = Transform3D(1, -8.72831e-11, 1.05312e-08, 1.05289e-08, -1.19209e-07, -1, -3.12639e-13, 1, -1.19209e-07, 9.97037e-05, 0.0623561, 9.09865e-05)

[node name="Physical Bone thighR" parent="Human_Template_Male/metarig/Skeleton3D" index="15"]
transform = Transform3D(0.995057, -0.000741563, 0.0993008, -0.099297, 0.00395888, 0.99505, -0.00113016, -0.99947, 0.00386813, -0.122413, 0.829018, 0.0158226)
joint_offset = Transform3D(1, 0, 0, 0, 1, 0, 0, 0, 1, -1.93057e-06, 7.2831e-07, 0.245866)
body_offset = Transform3D(1, -5.82426e-07, 9.44347e-08, 3.36681e-08, -1.94879e-06, -1, -8.57748e-07, 0.999477, -2.35462e-06, 1.90735e-06, 0.245866, -1.49012e-07)

[node name="Physical Bone shinR" parent="Human_Template_Male/metarig/Skeleton3D" index="16"]
transform = Transform3D(0.997615, -0.000159253, 0.0692054, -0.0691448, 0.0389675, 0.997161, -0.00285332, -1.00041, 0.0388378, -0.1641, 0.335536, 0.00517687)
joint_offset = Transform3D(1, 0, 0, 0, 1, 0, 0, 0, 1, 2.98139e-06, -6.67385e-07, 0.249623)
body_offset = Transform3D(1.00001, 1.16206e-06, -1.79131e-05, 9.97796e-07, -8.19564e-07, -1.00031, 4.35393e-08, 1.00117, -8.48994e-06, 1.49012e-06, 0.249702, 2.78745e-06)

[node name="Physical Bone footR" parent="Human_Template_Male/metarig/Skeleton3D" index="17"]
transform = Transform3D(1, -1.32694e-07, 1.78118e-07, -2.03208e-07, -0.889708, 0.456532, 1.0482e-07, -0.456532, -0.889708, -0.181511, 0.0581523, 0.0510097)
joint_offset = Transform3D(1, 0, 0, 0, 1, 0, 0, 0, 1, 0.000131086, 1.51246e-06, 0.0624039)
joint_rotation = Vector3(0, 0, 0)
body_offset = Transform3D(1, -4.63487e-11, -1.02567e-08, -1.05296e-08, -1.19209e-07, -1, 9.87654e-13, 1, -1.19209e-07, -0.000131086, 0.062404, -1.50502e-06)

[node name="ProjectilePlacement" parent="Human_Template_Male" index="2"]
transform = Transform3D(1, 0, 0, 0, 1, 0, 0, 0, 1, -0.314392, 1.25401, 0.260283)

[node name="MeshInstance3D" parent="Human_Template_Male" index="3"]
mesh = SubResource("CapsuleMesh_04st4")

[node name="AnimationTree" parent="." index="2"]
parameters/Movement/playback = SubResource("AnimationNodeStateMachinePlayback_jpoj1")

[editable path="Human_Template_Male"]
