[gd_scene load_steps=7 format=3 uid="uid://wg7ab83x00f2"]

[ext_resource type="PackedScene" uid="uid://dklaxvd7swq26" path="res://Characters/Character.tscn" id="1_ex4bq"]
[ext_resource type="Script" path="res://Characters/Meat/meat_seafood_dude.gd" id="2_qd4mi"]
[ext_resource type="Script" path="res://Characters/Resources/character_data.gd" id="3_tdnbw"]
[ext_resource type="PackedScene" uid="uid://cc653p6ws20k1" path="res://Projectile/Knife/knife.tscn" id="4_0ocn6"]

[sub_resource type="Resource" id="Resource_8gd2v"]
script = ExtResource("3_tdnbw")
Team = "MEAT"
max_health = 100
single_fire = true
base_damage = 10
special_damage = 0
projectile_speed = 50.0
projectile_damage = 30
max_ammo = 10
move_speed = 5.0
acceleration = 0.1
gravity = 30.0

[sub_resource type="AnimationNodeStateMachinePlayback" id="AnimationNodeStateMachinePlayback_jpoj1"]

[node name="MeatSeafoodDude" instance=ExtResource("1_ex4bq")]
script = ExtResource("2_qd4mi")
character_stats = SubResource("Resource_8gd2v")
projectile = ExtResource("4_0ocn6")

[node name="Skeleton3D" parent="Human_Template_Male/metarig" index="0"]
bones/6/rotation = Quaternion(-0.0685804, -0.00794324, -0.0214005, 0.997384)
bones/8/position = Vector3(0.0183, 0.144188, 0.07845)
bones/31/position = Vector3(-0.0183, 0.144188, 0.07845)

[node name="RightHookBone" parent="Human_Template_Male/metarig/Skeleton3D" index="1"]
transform = Transform3D(-0.996636, 0.0819614, -5.98207e-05, -0.0809567, -0.984304, 0.156816, 0.012794, 0.156294, 0.987628, -0.288996, 1.09663, 0.0555374)

[node name="LeftHookBone" parent="Human_Template_Male/metarig/Skeleton3D" index="2"]
transform = Transform3D(-0.996636, -0.0819601, 5.91613e-05, 0.0809554, -0.984304, 0.156817, -0.0127944, 0.156294, 0.987628, 0.288997, 1.09663, 0.0555378)

[node name="Physical Bone spine" parent="Human_Template_Male/metarig/Skeleton3D" index="3"]
transform = Transform3D(0.999811, -7.0346e-14, -4.83169e-13, -2.42508e-12, 0.999999, -2.38419e-07, -1.5234e-11, 2.68221e-07, 0.999999, -1.38648e-08, 1.37348, 0.0166581)
joint_offset = Transform3D(1, 0, 0, 0, 1, 0, 0, 0, 1, 1.38674e-08, -0.363581, -0.0718581)
body_offset = Transform3D(0.999811, -7.0346e-14, -4.83169e-13, -6.1533e-12, 0.968338, 0.249639, -1.4154e-11, -0.249639, 0.968338, -1.38648e-08, 0.370008, -0.0211811)

[node name="Physical Bone spine005" parent="Human_Template_Male/metarig/Skeleton3D" index="4"]
transform = Transform3D(0.258819, -0.96611, -1.77007e-07, 0.965922, 0.258819, 1.49012e-08, -7.51684e-07, -2.27304e-07, 0.999999, -1.27436e-08, 1.8518, 0.067414)
joint_offset = Transform3D(1, 0, 0, 0, 1, 0, 0, 0, 1, -0.127596, -0.0341829, -0.0544142)
body_offset = Transform3D(0.258819, -0.96611, -1.77007e-07, 0.948957, 0.254273, 0.186599, -0.180241, -0.0482956, 0.982435, -1.27436e-08, 0.139929, 0.0288094)

[node name="Physical Bone shoulderL" parent="Human_Template_Male/metarig/Skeleton3D" index="5"]
transform = Transform3D(0.989347, -0.145429, -2.32717e-07, 0.145437, 0.989428, -3.46336e-09, -4.1974e-05, 3.65013e-06, 0.999878, 0.2237, 1.50806, -3.74327e-05)
joint_offset = Transform3D(1, 0, 0, 0, 1, 0, 0, 0, 1, -0.188096, 0.132766, 0.0684375)
body_offset = Transform3D(0.501646, -0.0738159, 0.861785, 0.852647, -0.12591, -0.507033, 0.145961, 0.989351, -0.000225822, 0.0451794, 0.211796, -0.103882)

[node name="Physical Bone forearmL" parent="Human_Template_Male/metarig/Skeleton3D" index="6"]
transform = Transform3D(0.999994, 3.09306e-07, 2.64238e-07, 1.25356e-06, -0.196543, 0.980492, 1.05575e-06, -0.98049, -0.196543, 0.267263, 1.23439, 0.0257384)
joint_offset = Transform3D(1, 0, 0, 0, 1, 0, 0, 0, 1, 0.00624132, 0.00128343, 0.14209)
body_offset = Transform3D(-0.996972, 0.0546272, -0.0552382, 0.0546549, -0.0120884, -0.998429, -0.0552081, -0.998429, 0.00906673, 0.0140011, 0.141541, 0.00033769)

[node name="Physical Bone handL" parent="Human_Template_Male/metarig/Skeleton3D" index="7"]
transform = Transform3D(0.999991, -2.36425e-06, 2.46372e-06, -9.17026e-06, 0.167404, -0.985883, 2.27002e-06, 0.985882, 0.167404, 0.262923, 0.977552, 0.0670442)
joint_offset = Transform3D(1, 0, 0, 0, 1, 0, 0, 0, 1, 0.0260746, 0.00859046, -0.119326)
body_offset = Transform3D(-0.996627, 0.000940701, -0.0819568, -0.08195, -0.0106883, 0.996573, 6.01107e-05, 0.999936, 0.0107292, 0.016199, 0.121146, -0.0073112)

[node name="Physical Bone shoulderR" parent="Human_Template_Male/metarig/Skeleton3D" index="8"]
transform = Transform3D(0.999556, -1.25915e-06, -3.51067e-07, 1.11462e-06, 0.999711, -7.4663e-07, 1.09648e-06, 7.78323e-07, 0.999998, -0.204249, 1.59722, 0.00613143)
joint_offset = Transform3D(1, 0, 0, 0, 1, 0, 0, 0, 1, 0.186031, 0.0148552, 0.0622685)
body_offset = Transform3D(0.506869, 7.35769e-05, -0.861889, -0.861508, -0.00057042, -0.507094, -0.00052889, 0.999711, -0.000225917, -0.0406261, 0.191852, -0.0147384)

[node name="Physical Bone upper_armR" parent="Human_Template_Male/metarig/Skeleton3D" index="9"]
transform = Transform3D(-0.97375, -0.0769043, 0.214055, 0.217363, -0.0371878, 0.975305, -0.0670583, 0.996285, 0.052934, -0.246031, 1.4901, 0.00332767)
joint_offset = Transform3D(1, 0, 0, 0, 1, 0, 0, 0, 1, 0.00184767, -0.000289431, 0.135844)
body_offset = Transform3D(0.999966, -9.94653e-06, 1.98395e-05, 1.03468e-05, -4.01773e-05, -0.999921, 3.05474e-06, 0.999941, -3.41572e-05, -0.00185031, 0.135833, 0.000294048)

[node name="Physical Bone forearmR" parent="Human_Template_Male/metarig/Skeleton3D" index="10"]
transform = Transform3D(-0.996989, 0.0552035, 0.0546423, 0.064878, 0.204985, 0.976601, 0.0427124, 0.977202, -0.207947, -0.281294, 1.22284, 0.0261232)
joint_offset = Transform3D(1, 0, 0, 0, 1, 0, 0, 0, 1, 0.000741433, 0.00240764, 0.153667)
body_offset = Transform3D(1.00001, -2.45124e-06, 1.98977e-05, 1.96919e-05, 0.000142008, -0.999989, 2.8573e-06, 0.999995, 0.000140876, -0.000744492, 0.153665, -0.00242928)

[node name="Physical Bone handR" parent="Human_Template_Male/metarig/Skeleton3D" index="11"]
transform = Transform3D(0.980335, 0.196701, -0.0155041, 0.107865, -0.46847, 0.876866, 0.165218, -0.861302, -0.480478, -0.288484, 1.06485, 0.0671861)
joint_offset = Transform3D(1, 0, 0, 0, 1, 0, 0, 0, 1, 0.00100079, -0.00495399, 0.0334687)
body_offset = Transform3D(-0.983655, -0.169133, -0.0616835, -3.72529e-09, 0.342623, -0.939469, 0.18003, -0.924121, -0.337026, 0.00221102, 0.0331402, 0.00652158)

[node name="Physical Bone thighL" parent="Human_Template_Male/metarig/Skeleton3D" index="12"]
transform = Transform3D(0.995057, 0.000741324, -0.0993009, 0.0992972, 0.00395849, 0.99505, 0.00113135, -0.999806, 0.00386304, 0.122412, 0.827335, 0.0158245)
joint_offset = Transform3D(1, 0, 0, 0, 1, 0, 0, 0, 1, 0.000170191, 8.02006e-06, 0.247541)
body_offset = Transform3D(1, -3.85335e-08, -2.5806e-07, -2.30149e-07, -7.65081e-07, -1, -3.63914e-07, 0.999814, 2.24682e-06, -0.000170127, 0.247541, -8.57469e-06)

[node name="Physical Bone shinL" parent="Human_Template_Male/metarig/Skeleton3D" index="13"]
transform = Transform3D(0.997613, 0.000159844, -0.0692198, 0.0691427, 0.0389339, 0.997086, 0.00285307, -0.999613, 0.0388283, 0.164113, 0.335481, 0.00518051)
joint_offset = Transform3D(1, 0, 0, 0, 1, 0, 0, 0, 1, -7.81435e-06, 3.22603e-06, 0.249697)
body_offset = Transform3D(1.00001, -6.09085e-07, -1.64605e-06, 9.08105e-07, 1.40816e-06, -1.00024, 9.24338e-08, 1.00037, -2.46242e-06, 8.22544e-06, 0.249757, -2.61236e-06)

[node name="Physical Bone footL" parent="Human_Template_Male/metarig/Skeleton3D" index="14"]
transform = Transform3D(1, 1.22937e-07, -2.63075e-07, 2.3641e-07, -0.889708, 0.45653, -1.82048e-07, -0.456531, -0.889708, 0.181395, 0.0580922, 0.0509253)
joint_offset = Transform3D(1, 0, 0, 0, 1, 0, 0, 0, 1, -1.51701e-05, -9.09642e-05, 0.062356)
body_offset = Transform3D(1, -1.35543e-10, 1.05305e-08, 1.05289e-08, -1.19209e-07, -1, -3.12639e-13, 1, -1.19209e-07, 1.51694e-05, 0.062356, 9.09716e-05)

[node name="Physical Bone thighR" parent="Human_Template_Male/metarig/Skeleton3D" index="15"]
transform = Transform3D(0.995057, -0.000741575, 0.0993007, -0.099297, 0.00395839, 0.99505, -0.00113012, -0.999806, 0.00386633, -0.12241, 0.829033, 0.0158228)
joint_offset = Transform3D(1, 0, 0, 0, 1, 0, 0, 0, 1, -2.825e-06, 3.60129e-07, 0.245851)
body_offset = Transform3D(1, -2.01631e-07, 9.59217e-08, 3.36577e-08, -6.46571e-07, -1, -8.60426e-07, 0.999814, -1.04029e-06, 2.80142e-06, 0.245851, -1.04308e-07)

[node name="Physical Bone shinR" parent="Human_Template_Male/metarig/Skeleton3D" index="16"]
transform = Transform3D(0.997613, -0.000159936, 0.0692043, -0.0691444, 0.0389365, 0.997017, -0.00285326, -0.999633, 0.03883, -0.164101, 0.33554, 0.00517854)
joint_offset = Transform3D(1, 0, 0, 0, 1, 0, 0, 0, 1, 2.58111e-06, 7.58623e-08, 0.249656)
body_offset = Transform3D(1.00001, 3.92087e-07, -9.02569e-06, 7.51148e-07, -4.28408e-07, -1.00017, 3.3062e-08, 1.00039, -6.80238e-06, -3.27826e-07, 0.249698, 1.62236e-06)

[node name="Physical Bone footR" parent="Human_Template_Male/metarig/Skeleton3D" index="17"]
transform = Transform3D(1, -1.23088e-07, 2.63348e-07, -2.3641e-07, -0.889708, 0.45653, 1.82048e-07, -0.456531, -0.889708, -0.181426, 0.0581518, 0.0510087)
joint_offset = Transform3D(1, 0, 0, 0, 1, 0, 0, 0, 1, 4.65518e-05, 1.41549e-07, 0.062403)
joint_rotation = Vector3(0, 0, 0)
body_offset = Transform3D(1, -1.5163e-11, -1.02572e-08, -1.05293e-08, -1.19209e-07, -1, 2.70006e-13, 1, -1.19209e-07, -4.65512e-05, 0.062403, -1.3411e-07)

[node name="AnimationTree" parent="." index="2"]
parameters/Movement/playback = SubResource("AnimationNodeStateMachinePlayback_jpoj1")

[editable path="Human_Template_Male"]
