[gd_scene load_steps=26 format=3 uid="uid://ctipbgela1fe7"]

[ext_resource type="Script" path="res://NPC/Manager/manager.gd" id="2_vem7t"]
[ext_resource type="Script" path="res://Characters/Resources/character_data.gd" id="3_fl5dy"]
[ext_resource type="PackedScene" uid="uid://cm1or1idd2aj8" path="res://NPC/Manager/Assets/NPC_Manager.glb" id="3_othb2"]

[sub_resource type="Resource" id="Resource_7oan5"]
script = ExtResource("3_fl5dy")
Team = "Manager"
max_health = 50
single_fire = false
base_damage = 10
special_damage = 0
projectile_damage = 0
projectile_speed = 0.0
max_ammo = 0
move_speed = 6.0
acceleration = 0.9
gravity = 30.0
dodge_force = 15.0
punch_force = 5.0

[sub_resource type="CapsuleShape3D" id="CapsuleShape3D_1i3na"]
radius = 0.0250799
height = 0.250799

[sub_resource type="CapsuleShape3D" id="CapsuleShape3D_obdeg"]
radius = 0.0219439
height = 0.219439

[sub_resource type="CapsuleShape3D" id="CapsuleShape3D_wsrdu"]
radius = 0.0284852
height = 0.284852

[sub_resource type="CapsuleShape3D" id="CapsuleShape3D_elgs4"]
radius = 0.0317295
height = 0.317295

[sub_resource type="CapsuleShape3D" id="CapsuleShape3D_qhi8g"]
radius = 0.0109012
height = 0.109012

[sub_resource type="CapsuleShape3D" id="CapsuleShape3D_vnio6"]
radius = 0.0103307
height = 0.103307

[sub_resource type="CapsuleShape3D" id="CapsuleShape3D_acvgi"]
radius = 0.0374523
height = 0.374523

[sub_resource type="CapsuleShape3D" id="CapsuleShape3D_mra06"]
radius = 0.0406856
height = 0.406856

[sub_resource type="CapsuleShape3D" id="CapsuleShape3D_84k27"]
radius = 0.0511863
height = 0.511863

[sub_resource type="CapsuleShape3D" id="CapsuleShape3D_woc3j"]
radius = 0.0766141
height = 0.321145

[sub_resource type="CapsuleShape3D" id="CapsuleShape3D_xmsl5"]
radius = 0.0374523
height = 0.374523

[sub_resource type="CapsuleShape3D" id="CapsuleShape3D_r8s8s"]
radius = 0.0406856
height = 0.406856

[sub_resource type="CapsuleShape3D" id="CapsuleShape3D_buvag"]
radius = 0.0511863
height = 0.511863

[sub_resource type="CapsuleShape3D" id="CapsuleShape3D_q2lnl"]
radius = 0.0824827
height = 0.280549

[sub_resource type="CapsuleShape3D" id="CapsuleShape3D_rus6q"]
radius = 0.083262
height = 0.83262

[sub_resource type="CapsuleShape3D" id="CapsuleShape3D_aqt2c"]
radius = 0.0816499
height = 0.816499

[sub_resource type="CapsuleShape3D" id="CapsuleShape3D_v1op1"]
radius = 0.0250142
height = 0.250142

[sub_resource type="CapsuleShape3D" id="CapsuleShape3D_or5es"]
radius = 0.083262
height = 0.83262

[sub_resource type="CapsuleShape3D" id="CapsuleShape3D_oyb0f"]
radius = 0.0816499
height = 0.816499

[sub_resource type="CapsuleShape3D" id="CapsuleShape3D_o3onu"]
radius = 0.0250142
height = 0.250142

[sub_resource type="CapsuleShape3D" id="CapsuleShape3D_7p066"]
radius = 0.511944
height = 3.38824

[node name="Manager" type="CharacterBody3D"]
collision_layer = 2
collision_mask = 7
script = ExtResource("2_vem7t")
character_stats = SubResource("Resource_7oan5")

[node name="NPC_Manager" parent="." instance=ExtResource("3_othb2")]
transform = Transform3D(-1, 0, -8.74228e-08, 0, 1, 0, 8.74228e-08, 0, -1, 0, 0, 0)

[node name="Physical Bone spine" type="PhysicalBone3D" parent="NPC_Manager/Npc_Manager/Skeleton3D" index="1"]
transform = Transform3D(1, -1.43051e-06, 1.08033e-07, 7.10172e-07, -0.249641, -0.968338, -2.20537e-06, 0.968346, -0.249642, 5.12228e-08, 0.0326339, -0.0655694)
collision_layer = 8
collision_mask = 3
joint_type = 3
joint_offset = Transform3D(1, 0, 0, 0, 1, 0, 0, 0, 1, -5.75447e-08, 6.62481e-08, 0.125396)
body_offset = Transform3D(1, -1.66893e-06, 1.08034e-07, 1.37139e-07, 7.00355e-07, -1, -2.07441e-06, 1.00001, -2.66731e-06, 4.39979e-08, 0.125396, 2.68221e-07)
angular_damp = 32.222
bone_name = "spine"
joint_constraints/angular_limit_enabled = true
joint_constraints/angular_limit_upper = 25.86
joint_constraints/angular_limit_lower = -19.66
joint_constraints/angular_limit_bias = 0.3
joint_constraints/angular_limit_softness = 0.9
joint_constraints/angular_limit_relaxation = 1.0

[node name="CollisionShape3D" type="CollisionShape3D" parent="NPC_Manager/Npc_Manager/Skeleton3D/Physical Bone spine"]
transform = Transform3D(1, 0, 0, 0, 0, 1, 0, -1, 0, 0, 0, 0)
shape = SubResource("CapsuleShape3D_1i3na")

[node name="Physical Bone spine001" type="PhysicalBone3D" parent="NPC_Manager/Npc_Manager/Skeleton3D" index="2"]
transform = Transform3D(1.00001, 5.96046e-07, -1.37836e-07, 3.51394e-08, -0.0739807, -0.997258, -1.10269e-06, 0.997275, -0.0739815, 1.97906e-08, 0.263499, -0.0261463)
collision_layer = 8
collision_mask = 3
joint_type = 3
joint_offset = Transform3D(1, 0, 0, 0, 1, 0, 0, 0, 1, 2.55905e-09, 4.92336e-07, 0.109734)
body_offset = Transform3D(1.00001, 3.57624e-07, -1.37835e-07, -4.65344e-08, 6.25849e-07, -0.999999, -8.63851e-07, 1.00002, -1.36346e-06, 1.25659e-08, 0.109733, -3.42727e-07)
angular_damp = 32.222
bone_name = "spine.001"
joint_constraints/angular_limit_enabled = true
joint_constraints/angular_limit_upper = 25.86
joint_constraints/angular_limit_lower = -19.66
joint_constraints/angular_limit_bias = 0.3
joint_constraints/angular_limit_softness = 0.9
joint_constraints/angular_limit_relaxation = 1.0

[node name="CollisionShape3D" type="CollisionShape3D" parent="NPC_Manager/Npc_Manager/Skeleton3D/Physical Bone spine001"]
transform = Transform3D(1, 0, 0, 0, 0, 1, 0, -1, 0, 0, 0, 0)
shape = SubResource("CapsuleShape3D_obdeg")

[node name="Physical Bone spine002" type="PhysicalBone3D" parent="NPC_Manager/Npc_Manager/Skeleton3D" index="3"]
transform = Transform3D(1.00001, 1.43051e-06, -3.44589e-08, -2.23836e-08, 0.0318129, -0.99951, -8.9407e-07, 0.999503, 0.0318133, 3.79515e-08, 0.51526, -0.0225576)
collision_layer = 8
collision_mask = 3
joint_type = 3
joint_offset = Transform3D(1, 0, 0, 0, 1, 0, 0, 0, 1, -2.58138e-08, -3.26483e-06, 0.142425)
body_offset = Transform3D(1.00001, 1.19209e-06, -3.4459e-08, 6.07038e-09, 0, -1.00002, -6.55907e-07, 1.00001, 2.19792e-07, 3.07259e-08, 0.142427, 3.23355e-06)
angular_damp = 32.222
bone_name = "spine.002"
joint_constraints/angular_limit_enabled = true
joint_constraints/angular_limit_upper = 25.86
joint_constraints/angular_limit_lower = -19.66
joint_constraints/angular_limit_bias = 0.3
joint_constraints/angular_limit_softness = 0.9
joint_constraints/angular_limit_relaxation = 1.0

[node name="CollisionShape3D" type="CollisionShape3D" parent="NPC_Manager/Npc_Manager/Skeleton3D/Physical Bone spine002"]
transform = Transform3D(1, 0, 0, 0, 0, 1, 0, -1, 0, 0, 0, 0)
shape = SubResource("CapsuleShape3D_wsrdu")

[node name="Physical Bone spine003" type="PhysicalBone3D" parent="NPC_Manager/Npc_Manager/Skeleton3D" index="4"]
transform = Transform3D(1, -4.47035e-07, -1.00117e-07, 6.94084e-08, 0.0285598, -0.99961, -2.08616e-07, 0.999604, 0.0285603, 8.50727e-09, 0.815929, -0.0316223)
collision_layer = 8
collision_mask = 3
joint_type = 3
joint_offset = Transform3D(1, 0, 0, 0, 1, 0, 0, 0, 1, 1.45771e-08, 7.22027e-06, 0.158378)
body_offset = Transform3D(1, -6.85456e-07, -1.00117e-07, 7.53381e-08, -2.16067e-07, -1.00002, 3.18699e-08, 1.00001, 8.9407e-08, 1.28418e-09, 0.158381, -7.23451e-06)
angular_damp = 32.222
bone_name = "spine.003"
joint_constraints/angular_limit_enabled = true
joint_constraints/angular_limit_upper = 25.86
joint_constraints/angular_limit_lower = -19.66
joint_constraints/angular_limit_bias = 0.3
joint_constraints/angular_limit_softness = 0.9
joint_constraints/angular_limit_relaxation = 1.0

[node name="CollisionShape3D" type="CollisionShape3D" parent="NPC_Manager/Npc_Manager/Skeleton3D/Physical Bone spine003"]
transform = Transform3D(1, 0, 0, 0, 0, 1, 0, -1, 0, 0, 0, 0)
shape = SubResource("CapsuleShape3D_elgs4")

[node name="Physical Bone spine004" type="PhysicalBone3D" parent="NPC_Manager/Npc_Manager/Skeleton3D" index="5"]
transform = Transform3D(1.00001, 1.04308e-07, 1.63913e-07, -2.93933e-09, -0.368785, -0.929516, 4.17233e-07, 0.92952, -0.368786, -2.09124e-08, 1.02544, -0.0160546)
collision_layer = 8
collision_mask = 3
joint_type = 3
joint_offset = Transform3D(1, 0, 0, 0, 1, 0, 0, 0, 1, 1.92033e-08, 9.15676e-07, 0.0545029)
body_offset = Transform3D(1.00001, 1.04308e-07, 1.63913e-07, 1.51136e-07, 8.9407e-08, -1, 3.88908e-07, 1, -1.49012e-06, -2.81372e-08, 0.054503, -8.34465e-07)
angular_damp = 32.222
bone_name = "spine.004"
joint_constraints/angular_limit_enabled = true
joint_constraints/angular_limit_upper = 25.86
joint_constraints/angular_limit_lower = -19.66
joint_constraints/angular_limit_bias = 0.3
joint_constraints/angular_limit_softness = 0.9
joint_constraints/angular_limit_relaxation = 1.0

[node name="CollisionShape3D" type="CollisionShape3D" parent="NPC_Manager/Npc_Manager/Skeleton3D/Physical Bone spine004"]
transform = Transform3D(1, 0, 0, 0, 0, 1, 0, -1, 0, 0, 0, 0)
shape = SubResource("CapsuleShape3D_qhi8g")

[node name="Physical Bone spine005" type="PhysicalBone3D" parent="NPC_Manager/Npc_Manager/Skeleton3D" index="6"]
transform = Transform3D(1.00002, 8.04663e-07, 5.70648e-07, 2.68715e-07, -0.186602, -0.982447, 1.3113e-06, 0.982455, -0.186603, -6.79865e-08, 1.12691, 0.0136908)
collision_layer = 8
collision_mask = 3
joint_type = 3
joint_offset = Transform3D(1, 0, 0, 0, 1, 0, 0, 0, 1, 4.5699e-08, 6.10008e-06, 0.0517069)
body_offset = Transform3D(1.00002, 8.04663e-07, 5.70648e-07, 5.08683e-07, 2.5332e-07, -1.00001, 1.23813e-06, 1.00002, -1.54972e-06, -7.52113e-08, 0.0517075, -6.02007e-06)
angular_damp = 32.222
bone_name = "spine.005"
joint_constraints/angular_limit_enabled = true
joint_constraints/angular_limit_upper = 25.86
joint_constraints/angular_limit_lower = -19.66
joint_constraints/angular_limit_bias = 0.3
joint_constraints/angular_limit_softness = 0.9
joint_constraints/angular_limit_relaxation = 1.0

[node name="CollisionShape3D" type="CollisionShape3D" parent="NPC_Manager/Npc_Manager/Skeleton3D/Physical Bone spine005"]
transform = Transform3D(1, 0, 0, 0, 0, 1, 0, -1, 0, 0, 0, 0)
shape = SubResource("CapsuleShape3D_vnio6")

[node name="Physical Bone shoulderL" type="PhysicalBone3D" parent="NPC_Manager/Npc_Manager/Skeleton3D" index="7"]
transform = Transform3D(0.2459, -0.249188, -0.936721, 0.735634, 0.677294, 0.0129281, 0.631207, -0.692228, 0.349853, 0.205559, 0.884914, 0.0298144)
collision_layer = 8
collision_mask = 3
joint_type = 3
joint_offset = Transform3D(1, 0, 0, 0, 1, 0, 0, 0, 1, -3.37102e-05, -2.99728e-05, 0.187256)
body_offset = Transform3D(0.67306, -0.733642, -0.0935773, 1.87755e-06, 0.126527, -0.991968, 0.73962, 0.667654, 0.0851587, 0.0175236, 0.185756, -0.0159016)
angular_damp = 32.222
bone_name = "shoulder.L"
joint_constraints/angular_limit_enabled = true
joint_constraints/angular_limit_upper = 25.86
joint_constraints/angular_limit_lower = -19.66
joint_constraints/angular_limit_bias = 0.3
joint_constraints/angular_limit_softness = 0.9
joint_constraints/angular_limit_relaxation = 1.0

[node name="CollisionShape3D" type="CollisionShape3D" parent="NPC_Manager/Npc_Manager/Skeleton3D/Physical Bone shoulderL"]
transform = Transform3D(1, 0, 0, 0, 0, 1, 0, -1, 0, 0, 0, 0)
shape = SubResource("CapsuleShape3D_acvgi")

[node name="Physical Bone upper_armL" type="PhysicalBone3D" parent="NPC_Manager/Npc_Manager/Skeleton3D" index="8"]
transform = Transform3D(-0.769662, 0.0937712, -0.631227, -0.633858, 0.00613699, 0.774856, 0.0766432, 0.996461, 0.0543237, 0.509457, 0.725114, -0.0467606)
collision_layer = 8
collision_mask = 3
joint_type = 3
joint_offset = Transform3D(1, 0, 0, 0, 1, 0, 0, 0, 1, 0.000244267, -8.4213e-07, 0.203249)
body_offset = Transform3D(1.00001, 0.000310645, -0.00116253, -8.79774e-06, 0.000301499, -1.0009, -8.12113e-07, 1.00088, -1.93715e-06, -7.98702e-06, 0.203432, 1.2368e-06)
angular_damp = 32.222
bone_name = "upper_arm.L"
joint_constraints/angular_limit_enabled = true
joint_constraints/angular_limit_upper = 25.86
joint_constraints/angular_limit_lower = -19.66
joint_constraints/angular_limit_bias = 0.3
joint_constraints/angular_limit_softness = 0.9
joint_constraints/angular_limit_relaxation = 1.0

[node name="CollisionShape3D" type="CollisionShape3D" parent="NPC_Manager/Npc_Manager/Skeleton3D/Physical Bone upper_armL"]
transform = Transform3D(1, 0, 0, 0, 0, 1, 0, -1, 0, 0, 0, 0)
shape = SubResource("CapsuleShape3D_mra06")

[node name="Physical Bone forearmL" type="PhysicalBone3D" parent="NPC_Manager/Npc_Manager/Skeleton3D" index="9"]
transform = Transform3D(-0.783823, -0.0734496, -0.61662, -0.618804, 0.0092386, 0.785479, -0.0519983, 0.997257, -0.0526933, 0.795751, 0.366746, -0.044333)
collision_layer = 8
collision_mask = 3
joint_type = 3
joint_offset = Transform3D(1, 0, 0, 0, 1, 0, 0, 0, 1, 1.03679e-05, -5.7302e-07, 0.255941)
body_offset = Transform3D(1, -1.77696e-06, -4.64474e-06, -8.2287e-06, 8.34465e-07, -0.999987, 6.22123e-07, 1, -5.84871e-07, -9.17912e-06, 0.255938, 7.22706e-07)
angular_damp = 32.222
bone_name = "forearm.L"
joint_constraints/angular_limit_enabled = true
joint_constraints/angular_limit_upper = 25.86
joint_constraints/angular_limit_lower = -19.66
joint_constraints/angular_limit_bias = 0.3
joint_constraints/angular_limit_softness = 0.9
joint_constraints/angular_limit_relaxation = 1.0

[node name="CollisionShape3D" type="CollisionShape3D" parent="NPC_Manager/Npc_Manager/Skeleton3D/Physical Bone forearmL"]
transform = Transform3D(1, 0, 0, 0, 0, 1, 0, -1, 0, 0, 0, 0)
shape = SubResource("CapsuleShape3D_84k27")

[node name="Physical Bone handL" type="PhysicalBone3D" parent="NPC_Manager/Npc_Manager/Skeleton3D" index="10"]
transform = Transform3D(0.645175, 0.565487, -0.513649, 0.763404, -0.500557, 0.407794, -0.0264533, -0.654814, -0.754859, 0.969884, 0.152758, -0.00697055)
collision_layer = 8
collision_mask = 3
joint_type = 3
joint_offset = Transform3D(1, 0, 0, 0, 1, 0, 0, 0, 1, -8.82021e-06, -7.4191e-05, 0.0316971)
body_offset = Transform3D(-0.999599, 0.0150937, 0.0177192, 3.88002e-05, 0.7592, -0.65067, -0.0232165, -0.650002, -0.759116, -0.000569344, 0.0206807, 0.0240134)
angular_damp = 32.222
bone_name = "hand.L"
joint_constraints/angular_limit_enabled = true
joint_constraints/angular_limit_upper = 25.86
joint_constraints/angular_limit_lower = -19.66
joint_constraints/angular_limit_bias = 0.3
joint_constraints/angular_limit_softness = 0.9
joint_constraints/angular_limit_relaxation = 1.0

[node name="CollisionShape3D" type="CollisionShape3D" parent="NPC_Manager/Npc_Manager/Skeleton3D/Physical Bone handL"]
transform = Transform3D(1, 1.38301e-07, 4.65661e-08, 8.56817e-08, 0.650734, 0.759305, -2.79397e-08, -0.759305, 0.650734, -7.15256e-07, 0.0985937, -0.0662474)
shape = SubResource("CapsuleShape3D_woc3j")

[node name="Physical Bone shoulderR" type="PhysicalBone3D" parent="NPC_Manager/Npc_Manager/Skeleton3D" index="11"]
transform = Transform3D(0.245904, 0.249198, 0.936741, -0.735623, 0.677318, 0.0129282, -0.631223, -0.692249, 0.349861, -0.205565, 0.884852, 0.0298117)
collision_layer = 8
collision_mask = 3
joint_type = 3
joint_offset = Transform3D(1, 0, 0, 0, 1, 0, 0, 0, 1, -1.24658e-05, 1.19247e-05, 0.187259)
body_offset = Transform3D(0.673075, 0.733665, 0.0935789, 2.17557e-06, 0.126529, -0.99199, -0.73961, 0.667678, 0.0851604, -0.0175239, 0.185758, -0.0159643)
angular_damp = 32.222
bone_name = "shoulder.R"
joint_constraints/angular_limit_enabled = true
joint_constraints/angular_limit_upper = 25.86
joint_constraints/angular_limit_lower = -19.66
joint_constraints/angular_limit_bias = 0.3
joint_constraints/angular_limit_softness = 0.9
joint_constraints/angular_limit_relaxation = 1.0

[node name="CollisionShape3D" type="CollisionShape3D" parent="NPC_Manager/Npc_Manager/Skeleton3D/Physical Bone shoulderR"]
transform = Transform3D(1, 0, 0, 0, 0, 1, 0, -1, 0, 0, 0, 0)
shape = SubResource("CapsuleShape3D_xmsl5")

[node name="Physical Bone upper_armR" type="PhysicalBone3D" parent="NPC_Manager/Npc_Manager/Skeleton3D" index="12"]
transform = Transform3D(-0.76965, -0.0936515, 0.631558, 0.633855, 0.00652586, 0.773427, -0.0766404, 0.994927, 0.0543661, -0.509441, 0.725107, -0.0467588)
collision_layer = 8
collision_mask = 3
joint_type = 3
joint_offset = Transform3D(1, 0, 0, 0, 1, 0, 0, 0, 1, 9.11294e-06, -1.34825e-06, 0.203426)
body_offset = Transform3D(1, -3.88101e-05, -2.01911e-06, 3.23495e-06, 8.53091e-06, -1.00001, 2.5332e-06, 0.999347, -1.3411e-07, -8.70228e-06, 0.203428, 1.37463e-06)
angular_damp = 32.222
bone_name = "upper_arm.R"
joint_constraints/angular_limit_enabled = true
joint_constraints/angular_limit_upper = 25.86
joint_constraints/angular_limit_lower = -19.66
joint_constraints/angular_limit_bias = 0.3
joint_constraints/angular_limit_softness = 0.9
joint_constraints/angular_limit_relaxation = 1.0

[node name="CollisionShape3D" type="CollisionShape3D" parent="NPC_Manager/Npc_Manager/Skeleton3D/Physical Bone upper_armR"]
transform = Transform3D(1, 0, 0, 0, 0, 1, 0, -1, 0, 0, 0, 0)
shape = SubResource("CapsuleShape3D_r8s8s")

[node name="Physical Bone forearmR" type="PhysicalBone3D" parent="NPC_Manager/Npc_Manager/Skeleton3D" index="13"]
transform = Transform3D(-0.783818, 0.07347, 0.616637, 0.618811, 0.00916428, 0.78549, 0.0519996, 0.997339, -0.0526954, -0.79574, 0.366745, -0.044335)
collision_layer = 8
collision_mask = 3
joint_type = 3
joint_offset = Transform3D(1, 0, 0, 0, 1, 0, 0, 0, 1, 5.72395e-07, 8.64767e-07, 0.25593)
body_offset = Transform3D(1, -5.60135e-05, -2.23634e-06, -3.93717e-07, 5.1029e-05, -1.00001, 1.017e-06, 1.00008, -1.19582e-06, 0, 0.255932, -5.58794e-07)
angular_damp = 32.222
bone_name = "forearm.R"
joint_constraints/angular_limit_enabled = true
joint_constraints/angular_limit_upper = 25.86
joint_constraints/angular_limit_lower = -19.66
joint_constraints/angular_limit_bias = 0.3
joint_constraints/angular_limit_softness = 0.9
joint_constraints/angular_limit_relaxation = 1.0

[node name="CollisionShape3D" type="CollisionShape3D" parent="NPC_Manager/Npc_Manager/Skeleton3D/Physical Bone forearmR"]
transform = Transform3D(1, 0, 0, 0, 0, 1, 0, -1, 0, 0, 0, 0)
shape = SubResource("CapsuleShape3D_buvag")

[node name="Physical Bone handR" type="PhysicalBone3D" parent="NPC_Manager/Npc_Manager/Skeleton3D" index="14"]
transform = Transform3D(0.645273, -0.565789, 0.513926, -0.763583, -0.500816, 0.407856, 0.0265847, -0.65639, -0.755798, -0.969891, 0.152765, -0.00685799)
collision_layer = 8
collision_mask = 3
joint_type = 3
joint_offset = Transform3D(1, 0, 0, 0, 1, 0, 0, 0, 1, 1.25698e-05, -1.42623e-05, 0.0317547)
body_offset = Transform3D(-0.999799, -0.0150913, -0.0178483, 4.13289e-07, 0.759607, -0.650916, 0.0233475, -0.651576, -0.760057, 0.000579119, 0.0206805, 0.0241258)
angular_damp = 32.222
bone_name = "hand.R"
joint_constraints/angular_limit_enabled = true
joint_constraints/angular_limit_upper = 25.86
joint_constraints/angular_limit_lower = -19.66
joint_constraints/angular_limit_bias = 0.3
joint_constraints/angular_limit_softness = 0.9
joint_constraints/angular_limit_relaxation = 1.0

[node name="CollisionShape3D" type="CollisionShape3D" parent="NPC_Manager/Npc_Manager/Skeleton3D/Physical Bone handR"]
transform = Transform3D(0.999999, 6.44941e-08, -1.17347e-07, -2.79397e-07, 0.784213, 0.62049, 3.91155e-08, -0.620491, 0.784212, -0.0206931, 0.113655, -0.0687026)
shape = SubResource("CapsuleShape3D_q2lnl")

[node name="Physical Bone thighL" type="PhysicalBone3D" parent="NPC_Manager/Npc_Manager/Skeleton3D" index="15"]
transform = Transform3D(0.992194, -0.0136524, -0.126079, 0.126271, 0.0269856, 0.992486, -0.0101411, -1.0002, 0.0284819, 0.213903, -0.39932, -0.0382074)
collision_layer = 8
collision_mask = 3
joint_type = 3
joint_offset = Transform3D(1, 0, 0, 0, 1, 0, 0, 0, 1, 8.53029e-06, -4.36872e-06, 0.41597)
body_offset = Transform3D(1.00025, 3.32668e-06, -7.26698e-05, -1.14263e-05, -5.82077e-06, -1.00087, 1.41189e-06, 1.00065, 1.07959e-05, 2.16961e-05, 0.416331, -1.19209e-07)
angular_damp = 32.222
bone_name = "thigh.L"
joint_constraints/angular_limit_enabled = true
joint_constraints/angular_limit_upper = 25.86
joint_constraints/angular_limit_lower = -19.66
joint_constraints/angular_limit_bias = 0.3
joint_constraints/angular_limit_softness = 0.9
joint_constraints/angular_limit_relaxation = 1.0

[node name="CollisionShape3D" type="CollisionShape3D" parent="NPC_Manager/Npc_Manager/Skeleton3D/Physical Bone thighL"]
transform = Transform3D(1, 0, 0, 0, 0, 1, 0, -1, 0, 0, 0, 0)
shape = SubResource("CapsuleShape3D_rus6q")

[node name="Physical Bone shinL" type="PhysicalBone3D" parent="NPC_Manager/Npc_Manager/Skeleton3D" index="16"]
transform = Transform3D(0.998183, 0.00171542, -0.0605601, 0.0603273, 0.063527, 0.996163, 0.00555636, -0.99799, 0.0633101, 0.291006, -1.21881, -0.0759028)
collision_layer = 8
collision_mask = 3
joint_type = 3
joint_offset = Transform3D(1, 0, 0, 0, 1, 0, 0, 0, 1, 8.32122e-06, 1.21626e-06, 0.408244)
body_offset = Transform3D(1.00002, 5.56465e-07, -1.47606e-06, 1.01104e-06, 1.60187e-06, -1.00001, -1.05472e-06, 1.00001, -1.84774e-06, -7.7188e-06, 0.408248, -4.61936e-07)
angular_damp = 32.222
bone_name = "shin.L"
joint_constraints/angular_limit_enabled = true
joint_constraints/angular_limit_upper = 25.86
joint_constraints/angular_limit_lower = -19.66
joint_constraints/angular_limit_bias = 0.3
joint_constraints/angular_limit_softness = 0.9
joint_constraints/angular_limit_relaxation = 1.0

[node name="CollisionShape3D" type="CollisionShape3D" parent="NPC_Manager/Npc_Manager/Skeleton3D/Physical Bone shinL"]
transform = Transform3D(1, 0, 0, 0, 0, 1, 0, -1, 0, 0, 0, 0)
shape = SubResource("CapsuleShape3D_aqt2c")

[node name="Physical Bone footL" type="PhysicalBone3D" parent="NPC_Manager/Npc_Manager/Skeleton3D" index="17"]
transform = Transform3D(0.993766, -2.38419e-06, -2.90301e-06, -7.43901e-07, -0.925064, 0.379807, -5.06746e-07, -0.379812, -0.92507, 0.315736, -1.67299, 0.0139503)
collision_layer = 8
collision_mask = 3
joint_type = 3
joint_offset = Transform3D(1, 0, 0, 0, 1, 0, 0, 0, 1, 8.59167e-07, -3.80228e-07, 0.125071)
body_offset = Transform3D(0.993766, -1.53715e-06, -3.25237e-06, -5.27076e-07, -3.15905e-06, -1, -4.669e-09, 1, 3.51667e-06, -4.47035e-07, 0.125071, -5.96046e-08)
angular_damp = 32.222
bone_name = "foot.L"
joint_constraints/angular_limit_enabled = true
joint_constraints/angular_limit_upper = 25.86
joint_constraints/angular_limit_lower = -19.66
joint_constraints/angular_limit_bias = 0.3
joint_constraints/angular_limit_softness = 0.9
joint_constraints/angular_limit_relaxation = 1.0

[node name="CollisionShape3D" type="CollisionShape3D" parent="NPC_Manager/Npc_Manager/Skeleton3D/Physical Bone footL"]
transform = Transform3D(1, 0, 0, 0, 0, 1, 0, -1, 0, 0, 0, 0)
shape = SubResource("CapsuleShape3D_v1op1")

[node name="Physical Bone thighR" type="PhysicalBone3D" parent="NPC_Manager/Npc_Manager/Skeleton3D" index="18"]
transform = Transform3D(0.992801, 0.0138471, 0.126006, -0.126363, 0.0274229, 0.992543, 0.0101508, -1.01612, 0.0284939, -0.213879, -0.399305, -0.0382019)
collision_layer = 8
collision_mask = 3
joint_type = 3
joint_offset = Transform3D(1, 0, 0, 0, 1, 0, 0, 0, 1, 3.13395e-06, 5.06697e-06, 0.415931)
body_offset = Transform3D(1.00086, -2.6986e-05, -6.25121e-06, 2.63171e-05, -1.05947e-05, -1.00092, -5.10085e-06, 1.01658, -6.33299e-07, -5.36442e-07, 0.416312, -4.88758e-06)
angular_damp = 32.222
bone_name = "thigh.R"
joint_constraints/angular_limit_enabled = true
joint_constraints/angular_limit_upper = 25.86
joint_constraints/angular_limit_lower = -19.66
joint_constraints/angular_limit_bias = 0.3
joint_constraints/angular_limit_softness = 0.9
joint_constraints/angular_limit_relaxation = 1.0

[node name="CollisionShape3D" type="CollisionShape3D" parent="NPC_Manager/Npc_Manager/Skeleton3D/Physical Bone thighR"]
transform = Transform3D(1, 0, 0, 0, 0, 1, 0, -1, 0, 0, 0, 0)
shape = SubResource("CapsuleShape3D_or5es")

[node name="Physical Bone shinR" type="PhysicalBone3D" parent="NPC_Manager/Npc_Manager/Skeleton3D" index="19"]
transform = Transform3D(0.998168, -0.0017156, 0.0605584, -0.0603273, 0.0635284, 0.996163, -0.0055567, -0.997986, 0.0633073, -0.291018, -1.21881, -0.0759032)
collision_layer = 8
collision_mask = 3
joint_type = 3
joint_offset = Transform3D(1, 0, 0, 0, 1, 0, 0, 0, 1, 4.12819e-06, 5.53999e-08, 0.408251)
body_offset = Transform3D(1, -9.2946e-07, -2.56929e-07, -3.17814e-08, 9.68575e-08, -1.00001, 1.49617e-06, 1.00001, 1.05053e-06, -4.02331e-06, 0.408255, -4.84288e-07)
angular_damp = 32.222
bone_name = "shin.R"
joint_constraints/angular_limit_enabled = true
joint_constraints/angular_limit_upper = 25.86
joint_constraints/angular_limit_lower = -19.66
joint_constraints/angular_limit_bias = 0.3
joint_constraints/angular_limit_softness = 0.9
joint_constraints/angular_limit_relaxation = 1.0

[node name="CollisionShape3D" type="CollisionShape3D" parent="NPC_Manager/Npc_Manager/Skeleton3D/Physical Bone shinR"]
transform = Transform3D(1, 0, 0, 0, 0, 1, 0, -1, 0, 0, 0, 0)
shape = SubResource("CapsuleShape3D_oyb0f")

[node name="Physical Bone footR" type="PhysicalBone3D" parent="NPC_Manager/Npc_Manager/Skeleton3D" index="20"]
transform = Transform3D(1.00001, 9.23194e-07, 4.91738e-07, 1.18075e-06, -0.925073, 0.379813, -3.27826e-07, -0.379814, -0.925075, -0.318859, -1.67299, 0.0139514)
collision_layer = 8
collision_mask = 3
joint_type = 3
joint_offset = Transform3D(1, 0, 0, 0, 1, 0, 0, 0, 1, 0.0031228, 3.95086e-07, 0.125071)
body_offset = Transform3D(1.00001, 5.03621e-08, 6.60658e-07, -5.81806e-07, -1.46031e-06, -1.00001, -8.03525e-08, 1.00001, 5.96046e-07, -0.00312293, 0.125072, -4.69387e-07)
angular_damp = 32.222
bone_name = "foot.R"
joint_constraints/angular_limit_enabled = true
joint_constraints/angular_limit_upper = 25.86
joint_constraints/angular_limit_lower = -19.66
joint_constraints/angular_limit_bias = 0.3
joint_constraints/angular_limit_softness = 0.9
joint_constraints/angular_limit_relaxation = 1.0

[node name="CollisionShape3D" type="CollisionShape3D" parent="NPC_Manager/Npc_Manager/Skeleton3D/Physical Bone footR"]
transform = Transform3D(1, 0, 0, 0, 0, 1, 0, -1, 0, 0, 0, 0)
shape = SubResource("CapsuleShape3D_o3onu")

[node name="ControllerPositioner" type="RemoteTransform3D" parent="."]
update_rotation = false
update_scale = false

[node name="CollisionShape3D" type="CollisionShape3D" parent="."]
transform = Transform3D(1, 0, 0, 0, 1, 0, 0, 0, 1, 0, 1.69832, 0)
shape = SubResource("CapsuleShape3D_7p066")

[editable path="NPC_Manager"]
