[gd_scene load_steps=26 format=3 uid="uid://ctipbgela1fe7"]

[ext_resource type="Script" path="res://NPC/Manager/manager.gd" id="2_vem7t"]
[ext_resource type="Script" path="res://Characters/Resources/character_data.gd" id="3_fl5dy"]
[ext_resource type="PackedScene" uid="uid://cm1or1idd2aj8" path="res://NPC/Manager/Assets/NPC_Manager.glb" id="3_othb2"]

[sub_resource type="Resource" id="Resource_7oan5"]
script = ExtResource("3_fl5dy")
Team = "Manager"
max_health = 50
single_fire = false
base_damage = 10
special_damage = 0
projectile_damage = 0
projectile_speed = 0.0
max_ammo = 0
move_speed = 6.0
acceleration = 0.9
gravity = 30.0
dodge_force = 15.0
punch_force = 5.0

[sub_resource type="CapsuleShape3D" id="CapsuleShape3D_1i3na"]
radius = 0.0250799
height = 0.250799

[sub_resource type="CapsuleShape3D" id="CapsuleShape3D_obdeg"]
radius = 0.0219439
height = 0.219439

[sub_resource type="CapsuleShape3D" id="CapsuleShape3D_wsrdu"]
radius = 0.0284852
height = 0.284852

[sub_resource type="CapsuleShape3D" id="CapsuleShape3D_elgs4"]
radius = 0.0317295
height = 0.317295

[sub_resource type="CapsuleShape3D" id="CapsuleShape3D_qhi8g"]
radius = 0.0109012
height = 0.109012

[sub_resource type="CapsuleShape3D" id="CapsuleShape3D_vnio6"]
radius = 0.0103307
height = 0.103307

[sub_resource type="CapsuleShape3D" id="CapsuleShape3D_acvgi"]
radius = 0.0374523
height = 0.374523

[sub_resource type="CapsuleShape3D" id="CapsuleShape3D_mra06"]
radius = 0.0406856
height = 0.406856

[sub_resource type="CapsuleShape3D" id="CapsuleShape3D_84k27"]
radius = 0.0511863
height = 0.511863

[sub_resource type="CapsuleShape3D" id="CapsuleShape3D_woc3j"]
radius = 0.0766141
height = 0.321145

[sub_resource type="CapsuleShape3D" id="CapsuleShape3D_xmsl5"]
radius = 0.0374523
height = 0.374523

[sub_resource type="CapsuleShape3D" id="CapsuleShape3D_r8s8s"]
radius = 0.0406856
height = 0.406856

[sub_resource type="CapsuleShape3D" id="CapsuleShape3D_buvag"]
radius = 0.0511863
height = 0.511863

[sub_resource type="CapsuleShape3D" id="CapsuleShape3D_q2lnl"]
radius = 0.0824827
height = 0.280549

[sub_resource type="CapsuleShape3D" id="CapsuleShape3D_rus6q"]
radius = 0.083262
height = 0.83262

[sub_resource type="CapsuleShape3D" id="CapsuleShape3D_aqt2c"]
radius = 0.0816499
height = 0.816499

[sub_resource type="CapsuleShape3D" id="CapsuleShape3D_v1op1"]
radius = 0.0250142
height = 0.250142

[sub_resource type="CapsuleShape3D" id="CapsuleShape3D_or5es"]
radius = 0.083262
height = 0.83262

[sub_resource type="CapsuleShape3D" id="CapsuleShape3D_oyb0f"]
radius = 0.0816499
height = 0.816499

[sub_resource type="CapsuleShape3D" id="CapsuleShape3D_o3onu"]
radius = 0.0250142
height = 0.250142

[sub_resource type="CapsuleShape3D" id="CapsuleShape3D_7p066"]
radius = 0.511944
height = 3.38824

[node name="Manager" type="CharacterBody3D"]
process_mode = 1
collision_layer = 2
collision_mask = 7
script = ExtResource("2_vem7t")
character_stats = SubResource("Resource_7oan5")

[node name="NPC_Manager" parent="." instance=ExtResource("3_othb2")]
transform = Transform3D(-1, 0, -8.74228e-08, 0, 1, 0, 8.74228e-08, 0, -1, 0, 0, 0)

[node name="Skeleton3D" parent="NPC_Manager/Npc_Manager" index="0"]
bones/0/position = Vector3(7.22481e-09, -0.0887917, -0.0968734)
bones/1/rotation = Quaternion(-0.0890121, -1.80573e-14, -2.12221e-08, 0.996031)
bones/2/rotation = Quaternion(-0.0529064, -4.15727e-07, -1.43285e-06, 0.9986)
bones/3/rotation = Quaternion(0.00162717, -1.06355e-14, 3.8795e-10, 0.999999)
bones/6/rotation = Quaternion(-0.0932843, -0.000135437, -0.000364894, 0.995639)
bones/7/position = Vector3(0.0301434, 0.226209, 0.128935)
bones/8/rotation = Quaternion(-0.352545, 0.614, -0.547714, 0.445787)
bones/9/rotation = Quaternion(0.121658, 0.0572241, -0.119163, 0.98373)
bones/11/rotation = Quaternion(-0.213393, -0.881618, -0.370726, 0.199438)
bones/12/rotation = Quaternion(0.264279, -0.0904573, 0.00304942, 0.96019)
bones/13/position = Vector3(-0.0198269, 0.0545011, 0.00157871)
bones/13/rotation = Quaternion(0.0618092, 0.69853, -0.0882027, 0.707429)
bones/14/position = Vector3(0.00143673, 0.118732, -0.000403141)
bones/14/rotation = Quaternion(0.438173, -0.0742226, 0.0375035, 0.895036)
bones/15/position = Vector3(-0.0301435, 0.226209, 0.128935)
bones/16/rotation = Quaternion(-0.352545, -0.614, 0.547714, 0.445787)
bones/17/rotation = Quaternion(0.121658, -0.0572241, 0.119163, 0.98373)
bones/19/rotation = Quaternion(-0.213393, 0.881618, 0.370726, 0.199438)
bones/20/rotation = Quaternion(0.264279, 0.0904573, -0.0030494, 0.96019)
bones/21/position = Vector3(0.0198268, 0.0545012, 0.00157872)
bones/21/rotation = Quaternion(0.0618093, -0.69853, 0.0882027, 0.707429)
bones/22/position = Vector3(-0.00143673, 0.118732, -0.000403041)
bones/22/rotation = Quaternion(0.438172, 0.0742226, -0.0375036, 0.895036)
bones/25/rotation = Quaternion(0.993646, 0.0117148, -0.00677418, 0.111737)
bones/26/rotation = Quaternion(0.0175041, 0.00935287, 0.032703, 0.999268)
bones/29/rotation = Quaternion(0.993318, -0.0272681, 0.00897086, 0.111781)
bones/30/rotation = Quaternion(0.0175041, -0.00935293, -0.032703, 0.999268)
bones/32/rotation = Quaternion(9.42936e-08, 0.981087, -0.193565, 4.26842e-07)

[node name="Physical Bone spine" type="PhysicalBone3D" parent="NPC_Manager/Npc_Manager/Skeleton3D" index="1"]
transform = Transform3D(1, -1.35787e-06, 1.02444e-07, 7.02544e-07, -0.249641, -0.968338, -2.533e-06, 0.968349, -0.249642, 4.75046e-08, 0.032634, -0.0655694)
collision_layer = 8
collision_mask = 3
joint_type = 3
joint_offset = Transform3D(1, 0, 0, 0, 1, 0, 0, 0, 1, -5.31258e-08, 8.67068e-08, 0.125396)
body_offset = Transform3D(1, -1.59629e-06, 1.02445e-07, 4.79629e-08, 5.66244e-07, -1, -2.38977e-06, 1.00001, -2.5928e-06, 4.02797e-08, 0.125396, 2.38419e-07)
angular_damp = 32.222
bone_name = "spine"
joint_constraints/angular_limit_enabled = true
joint_constraints/angular_limit_upper = 25.86
joint_constraints/angular_limit_lower = -19.66
joint_constraints/angular_limit_bias = 0.3
joint_constraints/angular_limit_softness = 0.9
joint_constraints/angular_limit_relaxation = 1.0

[node name="CollisionShape3D" type="CollisionShape3D" parent="NPC_Manager/Npc_Manager/Skeleton3D/Physical Bone spine"]
transform = Transform3D(1, 0, 0, 0, 0, 1, 0, -1, 0, 0, 0, 0)
shape = SubResource("CapsuleShape3D_1i3na")

[node name="Physical Bone spine001" type="PhysicalBone3D" parent="NPC_Manager/Npc_Manager/Skeleton3D" index="2"]
transform = Transform3D(1.00001, 3.6837e-07, -1.37535e-07, 3.4552e-08, -0.0739817, -0.99726, -1.08261e-06, 0.99729, -0.0739817, 1.04769e-08, 0.263502, -0.026146)
collision_layer = 8
collision_mask = 3
joint_type = 3
joint_offset = Transform3D(1, 0, 0, 0, 1, 0, 0, 0, 1, 1.18403e-08, 3.72942e-07, 0.109736)
body_offset = Transform3D(1.00001, 1.29944e-07, -1.37535e-07, -4.56347e-08, 7.82311e-07, -1, -8.43782e-07, 1.00003, -1.49757e-06, 3.25212e-09, 0.109736, -2.08616e-07)
angular_damp = 32.222
bone_name = "spine.001"
joint_constraints/angular_limit_enabled = true
joint_constraints/angular_limit_upper = 25.86
joint_constraints/angular_limit_lower = -19.66
joint_constraints/angular_limit_bias = 0.3
joint_constraints/angular_limit_softness = 0.9
joint_constraints/angular_limit_relaxation = 1.0

[node name="CollisionShape3D" type="CollisionShape3D" parent="NPC_Manager/Npc_Manager/Skeleton3D/Physical Bone spine001"]
transform = Transform3D(1, 0, 0, 0, 0, 1, 0, -1, 0, 0, 0, 0)
shape = SubResource("CapsuleShape3D_obdeg")

[node name="Physical Bone spine002" type="PhysicalBone3D" parent="NPC_Manager/Npc_Manager/Skeleton3D" index="3"]
transform = Transform3D(1.00001, 9.42355e-07, -2.90122e-06, -2.87787e-06, 0.0318095, -0.999514, -5.92401e-08, 0.999504, 0.0318095, 4.08606e-07, 0.515257, -0.0225576)
collision_layer = 8
collision_mask = 3
joint_type = 3
joint_offset = Transform3D(1, 0, 0, 0, 1, 0, 0, 0, 1, 1.18156e-08, -2.6274e-06, 0.142421)
body_offset = Transform3D(1.00001, 1.38395e-06, -2.0678e-08, 5.98558e-09, 1.8999e-07, -1.00002, -5.92348e-07, 1.00001, -7.07805e-08, -8.86712e-09, 0.142424, 2.63751e-06)
angular_damp = 32.222
bone_name = "spine.002"
joint_constraints/angular_limit_enabled = true
joint_constraints/angular_limit_upper = 25.86
joint_constraints/angular_limit_lower = -19.66
joint_constraints/angular_limit_bias = 0.3
joint_constraints/angular_limit_softness = 0.9
joint_constraints/angular_limit_relaxation = 1.0

[node name="CollisionShape3D" type="CollisionShape3D" parent="NPC_Manager/Npc_Manager/Skeleton3D/Physical Bone spine002"]
transform = Transform3D(1, 0, 0, 0, 0, 1, 0, -1, 0, 0, 0, 0)
shape = SubResource("CapsuleShape3D_wsrdu")

[node name="Physical Bone spine003" type="PhysicalBone3D" parent="NPC_Manager/Npc_Manager/Skeleton3D" index="4"]
transform = Transform3D(1, -7.5645e-07, -3.00753e-06, -2.88079e-06, 0.0285566, -0.999662, 1.75637e-07, 0.999632, 0.0285558, 1.13427e-06, 0.813749, -0.0315597)
collision_layer = 8
collision_mask = 3
joint_type = 3
joint_offset = Transform3D(1, 0, 0, 0, 1, 0, 0, 0, 1, 1.63221e-07, 8.91704e-06, 0.156189)
body_offset = Transform3D(1, -3.05468e-07, -1.2908e-07, -6.38009e-09, -6.51926e-07, -1.00007, -3.57661e-07, 1.00004, -2.2836e-06, -1.43057e-07, 0.1562, -8.56072e-06)
angular_damp = 32.222
bone_name = "spine.003"
joint_constraints/angular_limit_enabled = true
joint_constraints/angular_limit_upper = 25.86
joint_constraints/angular_limit_lower = -19.66
joint_constraints/angular_limit_bias = 0.3
joint_constraints/angular_limit_softness = 0.9
joint_constraints/angular_limit_relaxation = 1.0

[node name="CollisionShape3D" type="CollisionShape3D" parent="NPC_Manager/Npc_Manager/Skeleton3D/Physical Bone spine003"]
transform = Transform3D(1, 0, 0, 0, 0, 1, 0, -1, 0, 0, 0, 0)
shape = SubResource("CapsuleShape3D_elgs4")

[node name="Physical Bone spine004" type="PhysicalBone3D" parent="NPC_Manager/Npc_Manager/Skeleton3D" index="5"]
transform = Transform3D(1.00001, -1.88341e-06, -2.22071e-06, -2.79372e-06, -0.368788, -0.929513, 1.16128e-06, 0.929514, -0.368789, 1.91934e-06, 1.02544, -0.0160514)
collision_layer = 8
collision_mask = 3
joint_type = 3
joint_offset = Transform3D(1, 0, 0, 0, 1, 0, 0, 0, 1, -5.732e-08, -2.21188e-07, 0.054502)
body_offset = Transform3D(1.00001, -1.12714e-07, 1.50831e-07, 2.03028e-07, -5.36442e-07, -1, 3.39002e-07, 1, -2.5034e-06, 4.91e-08, 0.054502, 3.57628e-07)
angular_damp = 32.222
bone_name = "spine.004"
joint_constraints/angular_limit_enabled = true
joint_constraints/angular_limit_upper = 25.86
joint_constraints/angular_limit_lower = -19.66
joint_constraints/angular_limit_bias = 0.3
joint_constraints/angular_limit_softness = 0.9
joint_constraints/angular_limit_relaxation = 1.0

[node name="CollisionShape3D" type="CollisionShape3D" parent="NPC_Manager/Npc_Manager/Skeleton3D/Physical Bone spine004"]
transform = Transform3D(1, 0, 0, 0, 0, 1, 0, -1, 0, 0, 0, 0)
shape = SubResource("CapsuleShape3D_qhi8g")

[node name="Physical Bone spine005" type="PhysicalBone3D" parent="NPC_Manager/Npc_Manager/Skeleton3D" index="6"]
transform = Transform3D(1.00002, -8.02068e-07, -2.00503e-06, -2.74173e-06, -0.186607, -0.982445, 1.96877e-06, 0.982455, -0.186606, 2.15133e-06, 1.12691, 0.0136945)
collision_layer = 8
collision_mask = 3
joint_type = 3
joint_offset = Transform3D(1, 0, 0, 0, 1, 0, 0, 0, 1, -4.81241e-08, 6.12758e-06, 0.0517118)
body_offset = Transform3D(1.00002, 4.889e-07, 6.58272e-07, 3.37142e-07, -4.32134e-07, -1.00001, 1.15484e-06, 1.00002, -1.50502e-06, 1.40817e-08, 0.0517123, -6.04987e-06)
angular_damp = 32.222
bone_name = "spine.005"
joint_constraints/angular_limit_enabled = true
joint_constraints/angular_limit_upper = 25.86
joint_constraints/angular_limit_lower = -19.66
joint_constraints/angular_limit_bias = 0.3
joint_constraints/angular_limit_softness = 0.9
joint_constraints/angular_limit_relaxation = 1.0

[node name="CollisionShape3D" type="CollisionShape3D" parent="NPC_Manager/Npc_Manager/Skeleton3D/Physical Bone spine005"]
transform = Transform3D(1, 0, 0, 0, 0, 1, 0, -1, 0, 0, 0, 0)
shape = SubResource("CapsuleShape3D_vnio6")

[node name="Physical Bone shoulderL" type="PhysicalBone3D" parent="NPC_Manager/Npc_Manager/Skeleton3D" index="7"]
transform = Transform3D(0.245898, -0.249179, -0.936716, 0.735619, 0.67729, 0.0129283, 0.631201, -0.692216, 0.349841, 0.205553, 0.885034, 0.0298208)
collision_layer = 8
collision_mask = 3
joint_type = 3
joint_offset = Transform3D(1, 0, 0, 0, 1, 0, 0, 0, 1, -3.19937e-05, -3.01655e-05, 0.187258)
body_offset = Transform3D(0.67305, -0.73363, -0.0935848, 1.10269e-06, 0.126528, -0.991959, 0.739608, 0.667647, 0.0851569, 0.0175239, 0.185756, -0.0159025)
angular_damp = 32.222
bone_name = "shoulder.L"
joint_constraints/angular_limit_enabled = true
joint_constraints/angular_limit_upper = 25.86
joint_constraints/angular_limit_lower = -19.66
joint_constraints/angular_limit_bias = 0.3
joint_constraints/angular_limit_softness = 0.9
joint_constraints/angular_limit_relaxation = 1.0

[node name="CollisionShape3D" type="CollisionShape3D" parent="NPC_Manager/Npc_Manager/Skeleton3D/Physical Bone shoulderL"]
transform = Transform3D(1, 0, 0, 0, 0, 1, 0, -1, 0, 0, 0, 0)
shape = SubResource("CapsuleShape3D_acvgi")

[node name="Physical Bone upper_armL" type="PhysicalBone3D" parent="NPC_Manager/Npc_Manager/Skeleton3D" index="8"]
transform = Transform3D(-0.970953, 0.0854377, -0.219647, -0.226873, -0.0318616, 0.978271, 0.0762813, 0.996778, 0.0497908, 0.426515, 0.684546, -0.0458789)
collision_layer = 8
collision_mask = 3
joint_type = 3
joint_offset = Transform3D(1, 0, 0, 0, 1, 0, 0, 0, 1, 0.00106504, 1.16157e-05, 0.202669)
body_offset = Transform3D(1.00002, 0.000311121, -0.0048873, -8.95024e-06, 0.000300854, -1.00385, -3.07709e-06, 1.00094, -1.58325e-06, -7.45654e-05, 0.203449, -1.13025e-05)
angular_damp = 32.222
bone_name = "upper_arm.L"
joint_constraints/angular_limit_enabled = true
joint_constraints/angular_limit_upper = 25.86
joint_constraints/angular_limit_lower = -19.66
joint_constraints/angular_limit_bias = 0.3
joint_constraints/angular_limit_softness = 0.9
joint_constraints/angular_limit_relaxation = 1.0

[node name="CollisionShape3D" type="CollisionShape3D" parent="NPC_Manager/Npc_Manager/Skeleton3D/Physical Bone upper_armL"]
transform = Transform3D(1, 0, 0, 0, 0, 1, 0, -1, 0, 0, 0, 0)
shape = SubResource("CapsuleShape3D_mra06")

[node name="Physical Bone forearmL" type="PhysicalBone3D" parent="NPC_Manager/Npc_Manager/Skeleton3D" index="9"]
transform = Transform3D(-0.998411, -0.0552137, 0.0112847, 0.000177437, 0.197006, 0.980703, -0.056355, 0.978969, -0.196708, 0.469029, 0.231566, -0.00423124)
collision_layer = 8
collision_mask = 3
joint_type = 3
joint_offset = Transform3D(1, 0, 0, 0, 1, 0, 0, 0, 1, 8.84605e-05, -0.000638644, 0.260108)
body_offset = Transform3D(1, -9.43616e-06, -1.56332e-05, -8.42661e-06, -9.43244e-06, -1.0003, 4.24683e-07, 1.00012, 7.89762e-07, -8.44002e-05, 0.260186, 0.000638515)
angular_damp = 32.222
bone_name = "forearm.L"
joint_constraints/angular_limit_enabled = true
joint_constraints/angular_limit_upper = 25.86
joint_constraints/angular_limit_lower = -19.66
joint_constraints/angular_limit_bias = 0.3
joint_constraints/angular_limit_softness = 0.9
joint_constraints/angular_limit_relaxation = 1.0

[node name="CollisionShape3D" type="CollisionShape3D" parent="NPC_Manager/Npc_Manager/Skeleton3D/Physical Bone forearmL"]
transform = Transform3D(1, 0, 0, 0, 0, 1, 0, -1, 0, 0, 0, 0)
shape = SubResource("CapsuleShape3D_84k27")

[node name="Physical Bone handL" type="PhysicalBone3D" parent="NPC_Manager/Npc_Manager/Skeleton3D" index="10"]
transform = Transform3D(0.98114, 0.129926, -0.142306, 0.185914, -0.831223, 0.523482, -0.0502237, -0.53966, -0.839923, 0.470675, -0.0319588, 0.0712162)
collision_layer = 8
collision_mask = 3
joint_type = 3
joint_offset = Transform3D(1, 0, 0, 0, 1, 0, 0, 0, 1, -9.70787e-06, -7.30623e-05, 0.0316989)
body_offset = Transform3D(-0.999591, 0.0150823, 0.0177197, 3.79342e-05, 0.759176, -0.650645, -0.0232163, -0.649976, -0.759014, -0.000570297, 0.0206802, 0.0240122)
angular_damp = 32.222
bone_name = "hand.L"
joint_constraints/angular_limit_enabled = true
joint_constraints/angular_limit_upper = 25.86
joint_constraints/angular_limit_lower = -19.66
joint_constraints/angular_limit_bias = 0.3
joint_constraints/angular_limit_softness = 0.9
joint_constraints/angular_limit_relaxation = 1.0

[node name="CollisionShape3D" type="CollisionShape3D" parent="NPC_Manager/Npc_Manager/Skeleton3D/Physical Bone handL"]
transform = Transform3D(1, 1.38301e-07, 4.65661e-08, 8.56817e-08, 0.650734, 0.759305, -2.79397e-08, -0.759305, 0.650734, -7.15256e-07, 0.0985937, -0.0662474)
shape = SubResource("CapsuleShape3D_woc3j")

[node name="Physical Bone shoulderR" type="PhysicalBone3D" parent="NPC_Manager/Npc_Manager/Skeleton3D" index="11"]
transform = Transform3D(0.245903, 0.2492, 0.936747, -0.735624, 0.677324, 0.0129249, -0.631227, -0.692248, 0.349866, -0.205556, 0.884974, 0.0298187)
collision_layer = 8
collision_mask = 3
joint_type = 3
joint_offset = Transform3D(1, 0, 0, 0, 1, 0, 0, 0, 1, -1.09496e-05, 1.27181e-05, 0.187258)
body_offset = Transform3D(0.673077, 0.733667, 0.0935774, 2.71201e-06, 0.12653, -0.991997, -0.739612, 0.667682, 0.0851616, -0.0175251, 0.185758, -0.0159638)
angular_damp = 32.222
bone_name = "shoulder.R"
joint_constraints/angular_limit_enabled = true
joint_constraints/angular_limit_upper = 25.86
joint_constraints/angular_limit_lower = -19.66
joint_constraints/angular_limit_bias = 0.3
joint_constraints/angular_limit_softness = 0.9
joint_constraints/angular_limit_relaxation = 1.0

[node name="CollisionShape3D" type="CollisionShape3D" parent="NPC_Manager/Npc_Manager/Skeleton3D/Physical Bone shoulderR"]
transform = Transform3D(1, 0, 0, 0, 0, 1, 0, -1, 0, 0, 0, 0)
shape = SubResource("CapsuleShape3D_xmsl5")

[node name="Physical Bone upper_armR" type="PhysicalBone3D" parent="NPC_Manager/Npc_Manager/Skeleton3D" index="12"]
transform = Transform3D(-0.97094, -0.0855393, 0.223545, 0.226884, -0.0314567, 0.973422, -0.0762812, 0.995357, 0.0499737, -0.426432, 0.684486, -0.0458612)
collision_layer = 8
collision_mask = 3
joint_type = 3
joint_offset = Transform3D(1, 0, 0, 0, 1, 0, 0, 0, 1, 2.119e-05, -1.90595e-06, 0.203489)
body_offset = Transform3D(1.00001, -1.40145e-05, -6.00843e-06, 1.38534e-06, 4.35859e-07, -1.00001, 3.36021e-06, 0.999521, -4.69387e-07, -1.99676e-05, 0.203491, 2.00048e-06)
angular_damp = 32.222
bone_name = "upper_arm.R"
joint_constraints/angular_limit_enabled = true
joint_constraints/angular_limit_upper = 25.86
joint_constraints/angular_limit_lower = -19.66
joint_constraints/angular_limit_bias = 0.3
joint_constraints/angular_limit_softness = 0.9
joint_constraints/angular_limit_relaxation = 1.0

[node name="CollisionShape3D" type="CollisionShape3D" parent="NPC_Manager/Npc_Manager/Skeleton3D/Physical Bone upper_armR"]
transform = Transform3D(1, 0, 0, 0, 0, 1, 0, -1, 0, 0, 0, 0)
shape = SubResource("CapsuleShape3D_r8s8s")

[node name="Physical Bone forearmR" type="PhysicalBone3D" parent="NPC_Manager/Npc_Manager/Skeleton3D" index="13"]
transform = Transform3D(-0.99843, 0.0552875, -0.0112605, -0.000159646, 0.19699, 0.980583, 0.0563595, 0.97907, -0.196696, -0.469023, 0.235564, -0.00570453)
collision_layer = 8
collision_mask = 3
joint_type = 3
joint_offset = Transform3D(1, 0, 0, 0, 1, 0, 0, 0, 1, 6.90326e-06, 1.82622e-05, 0.255934)
body_offset = Transform3D(1.00002, -5.90496e-05, -2.04984e-06, -2.5779e-06, 2.64943e-05, -1.00018, 6.61239e-06, 1.00022, -1.02371e-05, -6.3777e-06, 0.25598, -1.56462e-05)
angular_damp = 32.222
bone_name = "forearm.R"
joint_constraints/angular_limit_enabled = true
joint_constraints/angular_limit_upper = 25.86
joint_constraints/angular_limit_lower = -19.66
joint_constraints/angular_limit_bias = 0.3
joint_constraints/angular_limit_softness = 0.9
joint_constraints/angular_limit_relaxation = 1.0

[node name="CollisionShape3D" type="CollisionShape3D" parent="NPC_Manager/Npc_Manager/Skeleton3D/Physical Bone forearmR"]
transform = Transform3D(1, 0, 0, 0, 0, 1, 0, -1, 0, 0, 0, 0)
shape = SubResource("CapsuleShape3D_buvag")

[node name="Physical Bone handR" type="PhysicalBone3D" parent="NPC_Manager/Npc_Manager/Skeleton3D" index="14"]
transform = Transform3D(0.981354, -0.130011, 0.142489, -0.185982, -0.832009, 0.523579, 0.0503687, -0.541335, -0.841012, -0.470685, -0.0319387, 0.0713231)
collision_layer = 8
collision_mask = 3
joint_type = 3
joint_offset = Transform3D(1, 0, 0, 0, 1, 0, 0, 0, 1, 1.23322e-05, -1.67154e-05, 0.0317498)
body_offset = Transform3D(-0.999818, -0.0151053, -0.0178465, 7.73929e-07, 0.759729, -0.650923, 0.0233498, -0.651744, -0.760079, 0.000578701, 0.0206794, 0.0241212)
angular_damp = 32.222
bone_name = "hand.R"
joint_constraints/angular_limit_enabled = true
joint_constraints/angular_limit_upper = 25.86
joint_constraints/angular_limit_lower = -19.66
joint_constraints/angular_limit_bias = 0.3
joint_constraints/angular_limit_softness = 0.9
joint_constraints/angular_limit_relaxation = 1.0

[node name="CollisionShape3D" type="CollisionShape3D" parent="NPC_Manager/Npc_Manager/Skeleton3D/Physical Bone handR"]
transform = Transform3D(0.999999, 6.44941e-08, -1.17347e-07, -2.79397e-07, 0.784213, 0.62049, 3.91155e-08, -0.620491, 0.784212, -0.0206931, 0.113655, -0.0687026)
shape = SubResource("CapsuleShape3D_q2lnl")

[node name="Physical Bone thighL" type="PhysicalBone3D" parent="NPC_Manager/Npc_Manager/Skeleton3D" index="15"]
transform = Transform3D(0.999903, -0.0108477, -0.0248968, 0.025116, 0.0282356, 1.00037, -0.0101407, -1.00033, 0.0284895, 0.171898, -0.402472, -0.0382066)
collision_layer = 8
collision_mask = 3
joint_type = 3
joint_offset = Transform3D(1, 0, 0, 0, 1, 0, 0, 0, 1, -7.84067e-05, -3.11573e-06, 0.415844)
body_offset = Transform3D(1.00027, 5.59073e-06, -7.51006e-05, -1.72264e-05, -7.35e-06, -1.00109, 1.01514e-06, 1.00079, 9.93535e-06, 0.000109658, 0.416297, -1.01328e-06)
angular_damp = 32.222
bone_name = "thigh.L"
joint_constraints/angular_limit_enabled = true
joint_constraints/angular_limit_upper = 25.86
joint_constraints/angular_limit_lower = -19.66
joint_constraints/angular_limit_bias = 0.3
joint_constraints/angular_limit_softness = 0.9
joint_constraints/angular_limit_relaxation = 1.0

[node name="CollisionShape3D" type="CollisionShape3D" parent="NPC_Manager/Npc_Manager/Skeleton3D/Physical Bone thighL"]
transform = Transform3D(1, 0, 0, 0, 0, 1, 0, -1, 0, 0, 0, 0)
shape = SubResource("CapsuleShape3D_rus6q")

[node name="Physical Bone shinL" type="PhysicalBone3D" parent="NPC_Manager/Npc_Manager/Skeleton3D" index="16"]
transform = Transform3D(0.999829, 0.00814244, 0.0406664, -0.0411291, 0.0630734, 0.997235, 0.00555876, -0.998586, 0.063314, 0.165497, -1.22561, -0.0759044)
collision_layer = 8
collision_mask = 3
joint_type = 3
joint_offset = Transform3D(1, 0, 0, 0, 1, 0, 0, 0, 1, 1.20201e-05, 1.00061e-06, 0.408236)
body_offset = Transform3D(1.00069, -4.26592e-06, -2.92799e-06, 1.0989e-06, -7.0706e-06, -1.00007, 2.32831e-07, 1.00061, -1.43051e-06, -1.08331e-05, 0.408265, -4.17233e-07)
angular_damp = 32.222
bone_name = "shin.L"
joint_constraints/angular_limit_enabled = true
joint_constraints/angular_limit_upper = 25.86
joint_constraints/angular_limit_lower = -19.66
joint_constraints/angular_limit_bias = 0.3
joint_constraints/angular_limit_softness = 0.9
joint_constraints/angular_limit_relaxation = 1.0

[node name="CollisionShape3D" type="CollisionShape3D" parent="NPC_Manager/Npc_Manager/Skeleton3D/Physical Bone shinL"]
transform = Transform3D(1, 0, 0, 0, 0, 1, 0, -1, 0, 0, 0, 0)
shape = SubResource("CapsuleShape3D_aqt2c")

[node name="Physical Bone footL" type="PhysicalBone3D" parent="NPC_Manager/Npc_Manager/Skeleton3D" index="17"]
transform = Transform3D(0.980482, -0.0937146, 0.0384861, -0.0998212, -0.920312, 0.377978, -1.16885e-05, -0.37982, -0.925273, 0.144094, -1.67994, 0.014024)
collision_layer = 8
collision_mask = 3
joint_type = 3
joint_offset = Transform3D(1, 0, 0, 0, 1, 0, 0, 0, 1, 7.38234e-07, 3.2719e-05, 0.12511)
body_offset = Transform3D(0.98555, -1.62403e-06, -2.36096e-06, -1.77928e-05, -7.39098e-06, -1.00024, -1.27457e-05, 1.00001, -3.46303e-05, -4.32134e-07, 0.12514, -2.83867e-05)
angular_damp = 32.222
bone_name = "foot.L"
joint_constraints/angular_limit_enabled = true
joint_constraints/angular_limit_upper = 25.86
joint_constraints/angular_limit_lower = -19.66
joint_constraints/angular_limit_bias = 0.3
joint_constraints/angular_limit_softness = 0.9
joint_constraints/angular_limit_relaxation = 1.0

[node name="CollisionShape3D" type="CollisionShape3D" parent="NPC_Manager/Npc_Manager/Skeleton3D/Physical Bone footL"]
transform = Transform3D(1, 0, 0, 0, 0, 1, 0, -1, 0, 0, 0, 0)
shape = SubResource("CapsuleShape3D_v1op1")

[node name="Physical Bone thighR" type="PhysicalBone3D" parent="NPC_Manager/Npc_Manager/Skeleton3D" index="18"]
transform = Transform3D(0.999209, 0.0122143, 0.0562233, -0.056561, 0.0289955, 0.998964, 0.0101507, -1.04074, 0.0284942, -0.184862, -0.401966, -0.0381978)
collision_layer = 8
collision_mask = 3
joint_type = 3
joint_offset = Transform3D(1, 0, 0, 0, 1, 0, 0, 0, 1, 1.09435e-05, 8.87811e-06, 0.415923)
body_offset = Transform3D(1.00086, 5.587e-06, -7.34604e-06, 2.69091e-05, 1.96695e-06, -1.00095, -5.09806e-06, 1.04122, -1.03377e-06, -7.89762e-06, 0.416318, -8.81404e-06)
angular_damp = 32.222
bone_name = "thigh.R"
joint_constraints/angular_limit_enabled = true
joint_constraints/angular_limit_upper = 25.86
joint_constraints/angular_limit_lower = -19.66
joint_constraints/angular_limit_bias = 0.3
joint_constraints/angular_limit_softness = 0.9
joint_constraints/angular_limit_relaxation = 1.0

[node name="CollisionShape3D" type="CollisionShape3D" parent="NPC_Manager/Npc_Manager/Skeleton3D/Physical Bone thighR"]
transform = Transform3D(1, 0, 0, 0, 0, 1, 0, -1, 0, 0, 0, 0)
shape = SubResource("CapsuleShape3D_or5es")

[node name="Physical Bone shinR" type="PhysicalBone3D" parent="NPC_Manager/Npc_Manager/Skeleton3D" index="19"]
transform = Transform3D(0.99946, -0.00611903, -0.00931089, 0.00967531, 0.0632507, 0.997906, -0.00555535, -0.997989, 0.0633146, -0.204556, -1.22486, -0.0759039)
collision_layer = 8
collision_mask = 3
joint_type = 3
joint_offset = Transform3D(1, 0, 0, 0, 1, 0, 0, 0, 1, 0.000117292, 2.32262e-06, 0.408275)
body_offset = Transform3D(0.999522, 3.82494e-05, 6.80389e-06, 9.36445e-06, 1.3262e-06, -0.999956, 2.18907e-06, 1.00001, -1.0781e-05, -0.000120014, 0.408257, 2.07871e-06)
angular_damp = 32.222
bone_name = "shin.R"
joint_constraints/angular_limit_enabled = true
joint_constraints/angular_limit_upper = 25.86
joint_constraints/angular_limit_lower = -19.66
joint_constraints/angular_limit_bias = 0.3
joint_constraints/angular_limit_softness = 0.9
joint_constraints/angular_limit_relaxation = 1.0

[node name="CollisionShape3D" type="CollisionShape3D" parent="NPC_Manager/Npc_Manager/Skeleton3D/Physical Bone shinR"]
transform = Transform3D(1, 0, 0, 0, 0, 1, 0, -1, 0, 0, 0, 0)
shape = SubResource("CapsuleShape3D_oyb0f")

[node name="Physical Bone footR" type="PhysicalBone3D" parent="NPC_Manager/Npc_Manager/Skeleton3D" index="20"]
transform = Transform3D(0.997587, 0.0647538, -0.0265854, 0.0700086, -0.922805, 0.37888, 2.96781e-07, -0.379813, -0.925075, -0.204713, -1.68017, 0.0139532)
collision_layer = 8
collision_mask = 3
joint_type = 3
joint_offset = Transform3D(1, 0, 0, 0, 1, 0, 0, 0, 1, 0.00742335, 8.56716e-07, 0.125071)
body_offset = Transform3D(1.00004, 6.8154e-07, 4.29573e-07, -2.84866e-06, -1.40071e-06, -1.00001, -7.52162e-06, 1.00001, 6.85453e-07, -0.0074237, 0.125072, -8.86619e-07)
angular_damp = 32.222
bone_name = "foot.R"
joint_constraints/angular_limit_enabled = true
joint_constraints/angular_limit_upper = 25.86
joint_constraints/angular_limit_lower = -19.66
joint_constraints/angular_limit_bias = 0.3
joint_constraints/angular_limit_softness = 0.9
joint_constraints/angular_limit_relaxation = 1.0

[node name="CollisionShape3D" type="CollisionShape3D" parent="NPC_Manager/Npc_Manager/Skeleton3D/Physical Bone footR"]
transform = Transform3D(1, 0, 0, 0, 0, 1, 0, -1, 0, 0, 0, 0)
shape = SubResource("CapsuleShape3D_o3onu")

[node name="ControllerPositioner" type="RemoteTransform3D" parent="."]
update_rotation = false
update_scale = false

[node name="CollisionShape3D" type="CollisionShape3D" parent="."]
transform = Transform3D(1, 0, 0, 0, 1, 0, 0, 0, 1, 0, 1.69832, 0)
shape = SubResource("CapsuleShape3D_7p066")

[node name="DeathTimer" type="Timer" parent="."]
wait_time = 10.0

[connection signal="timeout" from="DeathTimer" to="." method="_on_death_timer_timeout"]

[editable path="NPC_Manager"]
