[gd_scene load_steps=7 format=3 uid="uid://cw8obhhnbl33s"]

[ext_resource type="PackedScene" uid="uid://dklaxvd7swq26" path="res://Characters/Character.tscn" id="1_gltfd"]
[ext_resource type="Script" path="res://Characters/Floral/florist.gd" id="2_0kib0"]
[ext_resource type="Script" path="res://Characters/Resources/character_data.gd" id="3_qrku6"]
[ext_resource type="PackedScene" uid="uid://cwxvknjlk6sb2" path="res://Projectile/Vase/vase.tscn" id="4_5leaf"]

[sub_resource type="Resource" id="Resource_fwo35"]
script = ExtResource("3_qrku6")
Team = "FLORAL"
max_health = 100
single_fire = true
base_damage = 10
special_damage = 0
projectile_speed = 10.0
projectile_damage = 15
max_ammo = 10
move_speed = 10.0
acceleration = 0.1
gravity = 30.0

[sub_resource type="AnimationNodeStateMachinePlayback" id="AnimationNodeStateMachinePlayback_w3fvr"]

[node name="Florist" instance=ExtResource("1_gltfd")]
script = ExtResource("2_0kib0")
character_stats = SubResource("Resource_fwo35")
projectile = ExtResource("4_5leaf")

[node name="Skeleton3D" parent="Human_Template_Male/metarig" index="0"]
bones/6/rotation = Quaternion(-0.061898, -0.0100496, -0.0270753, 0.997665)
bones/8/position = Vector3(0.0183, 0.144765, 0.0784665)
bones/31/position = Vector3(-0.0183, 0.144765, 0.0784665)

[node name="RightHookBone" parent="Human_Template_Male/metarig/Skeleton3D" index="1"]
transform = Transform3D(-0.996636, 0.0819614, -5.98207e-05, -0.0809567, -0.984304, 0.156816, 0.012794, 0.156294, 0.987628, -0.288996, 1.09721, 0.0555374)

[node name="LeftHookBone" parent="Human_Template_Male/metarig/Skeleton3D" index="2"]
transform = Transform3D(-0.996636, -0.0819601, 5.91613e-05, 0.0809554, -0.984304, 0.156817, -0.0127944, 0.156294, 0.987628, 0.288997, 1.09721, 0.0555378)

[node name="Physical Bone spine" parent="Human_Template_Male/metarig/Skeleton3D" index="3"]
transform = Transform3D(0.999337, -7.0346e-14, -4.83169e-13, -5.08132e-12, 0.999999, -2.38419e-07, -7.13385e-11, 2.68221e-07, 0.999999, -1.38506e-08, 1.37348, 0.0166584)
joint_offset = Transform3D(1, 0, 0, 0, 1, 0, 0, 0, 1, 1.38597e-08, -0.363581, -0.0718584)
body_offset = Transform3D(0.999337, -7.0346e-14, -4.83169e-13, -2.27374e-11, 0.968338, 0.249639, -6.78426e-11, -0.249639, 0.968338, -1.38506e-08, 0.370008, -0.0211808)

[node name="Physical Bone spine005" parent="Human_Template_Male/metarig/Skeleton3D" index="4"]
transform = Transform3D(0.258819, -0.966584, -1.77234e-07, 0.965922, 0.258819, 1.49012e-08, -7.51684e-07, -2.27428e-07, 0.999999, -1.27727e-08, 1.8518, 0.067414)
joint_offset = Transform3D(1, 0, 0, 0, 1, 0, 0, 0, 1, -0.127601, -0.0341672, -0.0544142)
body_offset = Transform3D(0.258819, -0.966584, -1.77234e-07, 0.948957, 0.254273, 0.186599, -0.180241, -0.0482956, 0.982435, -1.27727e-08, 0.139929, 0.0288094)

[node name="Physical Bone shoulderL" parent="Human_Template_Male/metarig/Skeleton3D" index="5"]
transform = Transform3D(0.989352, -0.145434, -2.32778e-07, 0.145461, 0.989902, -1.18453e-07, -4.71948e-05, 6.84368e-06, 0.999878, 0.223758, 1.50908, -0.000123032)
joint_offset = Transform3D(1, 0, 0, 0, 1, 0, 0, 0, 1, -0.188223, 0.132286, 0.0685217)
body_offset = Transform3D(0.501644, -0.0738156, 0.861785, 0.852654, -0.125916, -0.507033, 0.145985, 0.989825, -0.000225937, 0.0451349, 0.211889, -0.103447)

[node name="Physical Bone forearmL" parent="Human_Template_Male/metarig/Skeleton3D" index="6"]
transform = Transform3D(1.00001, 5.06747e-07, 3.8141e-07, 4.61005e-06, -0.196543, 0.980492, 2.48255e-06, -0.98049, -0.196543, 0.267324, 1.23554, 0.0255068)
joint_offset = Transform3D(1, 0, 0, 0, 1, 0, 0, 0, 1, 0.0061804, 0.0011686, 0.141484)
body_offset = Transform3D(-0.996992, 0.054627, -0.0552383, 0.054653, -0.0120884, -0.998429, -0.0552071, -0.998429, 0.00906643, 0.0139133, 0.140938, 0.000225216)

[node name="Physical Bone handL" parent="Human_Template_Male/metarig/Skeleton3D" index="7"]
transform = Transform3D(1.00001, -1.33363e-05, 3.53283e-05, -2.82276e-05, 0.167404, -0.985879, 9.00747e-06, 0.985882, 0.167404, 0.262923, 0.978427, 0.0669461)
joint_offset = Transform3D(1, 0, 0, 0, 1, 0, 0, 0, 1, 0.0260783, 0.00863738, -0.119017)
body_offset = Transform3D(-0.996647, 0.000951636, -0.0819892, -0.0819317, -0.0106874, 0.996566, 6.37773e-05, 0.999936, 0.0107306, 0.0162245, 0.120837, -0.00736137)

[node name="Physical Bone shoulderR" parent="Human_Template_Male/metarig/Skeleton3D" index="8"]
transform = Transform3D(0.999556, -1.26328e-06, -3.51007e-07, 1.11462e-06, 0.999711, -8.60629e-07, 1.09648e-06, 7.77407e-07, 0.999998, -0.20423, 1.59874, 0.00613063)
joint_offset = Transform3D(1, 0, 0, 0, 1, 0, 0, 0, 1, 0.186013, 0.0139073, 0.0622693)
body_offset = Transform3D(0.506869, 7.35756e-05, -0.861889, -0.861508, -0.000570416, -0.507094, -0.00052889, 0.999711, -0.000226031, -0.040616, 0.191836, -0.0137908)

[node name="Physical Bone upper_armR" parent="Human_Template_Male/metarig/Skeleton3D" index="9"]
transform = Transform3D(-0.973725, -0.0769097, 0.214068, 0.217356, -0.0371911, 0.975344, -0.067054, 0.996303, 0.0529364, -0.245981, 1.49057, 0.00332823)
joint_offset = Transform3D(1, 0, 0, 0, 1, 0, 0, 0, 1, 0.0019207, -0.000290041, 0.135931)
body_offset = Transform3D(0.99994, -6.58631e-06, 1.53405e-05, 1.11472e-05, -3.67947e-05, -0.999962, 5.65499e-06, 0.999959, -3.41982e-05, -0.00192267, 0.135926, 0.000294667)

[node name="Physical Bone forearmR" parent="Human_Template_Male/metarig/Skeleton3D" index="10"]
transform = Transform3D(-0.996979, 0.0552036, 0.0546423, 0.0648793, 0.204985, 0.976601, 0.0427118, 0.977202, -0.207947, -0.281265, 1.2239, 0.0261144)
joint_offset = Transform3D(1, 0, 0, 0, 1, 0, 0, 0, 1, 0.000739839, 0.00231592, 0.153193)
body_offset = Transform3D(1, -2.46614e-06, 1.99005e-05, 1.77799e-05, 0.000142008, -0.999989, 3.02121e-06, 0.999995, 0.000140667, -0.000742882, 0.153191, -0.00233746)

[node name="Physical Bone handR" parent="Human_Template_Male/metarig/Skeleton3D" index="11"]
transform = Transform3D(0.980335, 0.196701, -0.0155025, 0.107865, -0.46847, 0.876858, 0.165218, -0.861302, -0.480477, -0.288484, 1.06542, 0.0671862)
joint_offset = Transform3D(1, 0, 0, 0, 1, 0, 0, 0, 1, 0.00100241, -0.00496122, 0.0334824)
body_offset = Transform3D(-0.983655, -0.169133, -0.0616845, -8.00937e-08, 0.342623, -0.939461, 0.18003, -0.924121, -0.337026, 0.00221226, 0.0331552, 0.0065192)

[node name="Physical Bone thighL" parent="Human_Template_Male/metarig/Skeleton3D" index="12"]
transform = Transform3D(0.995057, 0.000740635, -0.0993009, 0.0992971, 0.00395849, 0.99505, 0.00113227, -0.999332, 0.00386304, 0.122401, 0.827297, 0.0158334)
joint_offset = Transform3D(1, 0, 0, 0, 1, 0, 0, 0, 1, 0.000184948, 1.7113e-05, 0.247577)
body_offset = Transform3D(1, -1.88127e-07, -2.80412e-07, -1.36868e-07, -2.66777e-06, -1, -1.28942e-06, 0.99934, 2.24751e-06, -0.000184879, 0.247577, -1.76579e-05)

[node name="Physical Bone shinL" parent="Human_Template_Male/metarig/Skeleton3D" index="13"]
transform = Transform3D(0.997613, 0.000158898, -0.0692143, 0.0691426, 0.0389606, 0.996996, 0.00285307, -1.00035, 0.0388248, 0.16413, 0.335511, 0.00517969)
joint_offset = Transform3D(1, 0, 0, 0, 1, 0, 0, 0, 1, -2.62281e-05, 1.2235e-06, 0.249691)
body_offset = Transform3D(1.00001, -1.81003e-06, -2.31824e-06, 9.82873e-07, 3.34531e-06, -1.00015, 9.63919e-08, 1.00111, -2.46242e-06, 2.68072e-05, 0.249728, -6.10016e-07)

[node name="Physical Bone footL" parent="Human_Template_Male/metarig/Skeleton3D" index="14"]
transform = Transform3D(1, -2.32394e-07, -1.75042e-07, 2.3641e-07, 0.23658, 0.971624, -1.82048e-07, -0.971628, 0.236578, 0.181786, 0.0298049, 0.106177)
joint_offset = Transform3D(1, 0, 0, 0, 1, 0, 0, 0, 1, -0.000406907, 0.120991, 0.0290356)
body_offset = Transform3D(1, 4.99219e-09, 8.41698e-09, 1.05286e-08, -0.972471, -0.233091, -2.84217e-13, 0.233091, -0.972467, 0.000406906, 0.124428, 3.42876e-05)

[node name="Physical Bone thighR" parent="Human_Template_Male/metarig/Skeleton3D" index="15"]
transform = Transform3D(0.995057, -0.000741575, 0.0993007, -0.099297, 0.00395839, 0.99505, -0.00113012, -0.999332, 0.00386818, -0.12241, 0.829044, 0.0158228)
joint_offset = Transform3D(1, 0, 0, 0, 1, 0, 0, 0, 1, -2.37745e-06, 7.63451e-07, 0.24584)
body_offset = Transform3D(1, -7.3784e-07, 9.38276e-08, 2.62066e-08, -2.48081e-06, -1, -8.60542e-07, 0.99934, -2.89129e-06, 2.35438e-06, 0.24584, -5.21541e-08)

[node name="Physical Bone shinR" parent="Human_Template_Male/metarig/Skeleton3D" index="16"]
transform = Transform3D(0.997613, -0.000159024, 0.0692036, -0.0691444, 0.038979, 0.996947, -0.00285326, -1.00072, 0.0388235, -0.164105, 0.33554, 0.00517804)
joint_offset = Transform3D(1, 0, 0, 0, 1, 0, 0, 0, 1, 5.07976e-06, -1.36524e-06, 0.249673)
body_offset = Transform3D(1.00001, 1.46893e-06, -4.88804e-06, 7.51148e-07, -6.10948e-07, -1.0001, 3.3062e-08, 1.00148, -3.08454e-06, -3.8594e-06, 0.249698, 2.13739e-06)

[node name="Physical Bone footR" parent="Human_Template_Male/metarig/Skeleton3D" index="17"]
transform = Transform3D(1, -1.22947e-07, 2.63348e-07, -2.3641e-07, -0.889708, 0.45653, 1.82048e-07, -0.456531, -0.889708, -0.181544, 0.0581521, 0.0510092)
joint_offset = Transform3D(1, 0, 0, 0, 1, 0, 0, 0, 1, 0.000165061, 6.85442e-07, 0.0624033)
joint_rotation = Vector3(0, 0, 0)
body_offset = Transform3D(1, 1.25631e-10, -1.02574e-08, -1.05291e-08, -1.19209e-07, -1, -1.98952e-13, 1, -1.19209e-07, -0.00016506, 0.0624033, -6.78003e-07)

[node name="ProjectilePlacement" parent="Human_Template_Male" index="2"]
transform = Transform3D(1, 6.1795e-08, 7.38393e-09, -6.17951e-08, 0.971846, 0.235617, 7.38393e-09, -0.235617, 0.971846, -0.608473, 1.25401, 0.260283)

[node name="AnimationTree" parent="." index="2"]
parameters/Movement/playback = SubResource("AnimationNodeStateMachinePlayback_w3fvr")

[editable path="Human_Template_Male"]
