[gd_scene load_steps=9 format=3 uid="uid://cw8obhhnbl33s"]

[ext_resource type="PackedScene" uid="uid://dklaxvd7swq26" path="res://Characters/Character.tscn" id="1_gltfd"]
[ext_resource type="Script" path="res://Characters/Floral/florist.gd" id="2_0kib0"]
[ext_resource type="Script" path="res://Characters/Resources/character_data.gd" id="3_qrku6"]
[ext_resource type="PackedScene" uid="uid://cwxvknjlk6sb2" path="res://Projectile/Vase/vase.tscn" id="4_5leaf"]

[sub_resource type="Resource" id="Resource_fwo35"]
resource_local_to_scene = true
script = ExtResource("3_qrku6")
Team = "Floral"
max_health = 100
single_fire = true
base_damage = 10
special_damage = 0
projectile_damage = 15
projectile_speed = 15.0
max_ammo = 15
move_speed = 8.0
acceleration = 0.09
gravity = 30.0
dodge_force = 15.0
punch_force = 8.0

[sub_resource type="StandardMaterial3D" id="StandardMaterial3D_mkd0e"]
albedo_color = Color(0.921569, 0, 0.858824, 1)

[sub_resource type="CapsuleMesh" id="CapsuleMesh_88lh1"]
material = SubResource("StandardMaterial3D_mkd0e")
radius = 0.201
height = 0.654

[sub_resource type="AnimationNodeStateMachinePlayback" id="AnimationNodeStateMachinePlayback_w3fvr"]

[node name="Florist" instance=ExtResource("1_gltfd")]
script = ExtResource("2_0kib0")
character_stats = SubResource("Resource_fwo35")
projectile = ExtResource("4_5leaf")

[node name="Skeleton3D" parent="Human_Template_Male/metarig" index="0"]
bones/6/rotation = Quaternion(-0.0704848, -0.0073425, -0.019782, 0.99729)
bones/8/position = Vector3(0.0183, 0.143812, 0.0784393)
bones/31/position = Vector3(-0.0183, 0.143812, 0.0784393)

[node name="RightHookBone" parent="Human_Template_Male/metarig/Skeleton3D" index="1"]
transform = Transform3D(-0.996636, 0.0819602, -5.96941e-05, -0.0809554, -0.984304, 0.156818, 0.0127941, 0.156295, 0.987628, -0.288997, 1.09626, 0.0555382)

[node name="LeftHookBone" parent="Human_Template_Male/metarig/Skeleton3D" index="2"]
transform = Transform3D(-0.996636, -0.0819603, 5.95488e-05, 0.0809555, -0.984304, 0.156818, -0.0127942, 0.156295, 0.987628, 0.288997, 1.09626, 0.0555382)

[node name="Physical Bone spine" parent="Human_Template_Male/metarig/Skeleton3D" index="3"]
transform = Transform3D(0.998562, -7.0346e-14, -4.83169e-13, -1.14504e-11, 0.999999, -2.38419e-07, -1.76755e-10, 2.68221e-07, 0.999999, -1.38517e-08, 1.37348, 0.0166599)
joint_offset = Transform3D(1, 0, 0, 0, 1, 0, 0, 0, 1, 1.38716e-08, -0.363581, -0.0718598)
body_offset = Transform3D(0.998562, -7.0346e-14, -4.83169e-13, -5.52163e-11, 0.968338, 0.249639, -1.68313e-10, -0.249639, 0.968338, -1.38517e-08, 0.370009, -0.0211794)

[node name="Physical Bone spine005" parent="Human_Template_Male/metarig/Skeleton3D" index="4"]
transform = Transform3D(0.258819, -0.96736, -1.77604e-07, 0.965922, 0.258819, 1.49012e-08, -7.51684e-07, -2.27632e-07, 0.999999, -1.28189e-08, 1.8518, 0.0674139)
joint_offset = Transform3D(1, 0, 0, 0, 1, 0, 0, 0, 1, -0.127607, -0.0341416, -0.0544141)
body_offset = Transform3D(0.258819, -0.96736, -1.77604e-07, 0.948957, 0.254273, 0.186599, -0.180241, -0.0482956, 0.982435, -1.28189e-08, 0.139929, 0.0288094)

[node name="Physical Bone shoulderL" parent="Human_Template_Male/metarig/Skeleton3D" index="5"]
transform = Transform3D(0.989352, -0.145448, -2.62679e-07, 0.145461, 0.990678, -3.06478e-07, -4.72842e-05, 2.20687e-05, 0.999878, 0.223864, 1.50906, -0.000276537)
joint_offset = Transform3D(1, 0, 0, 0, 1, 0, 0, 0, 1, -0.188454, 0.131433, 0.0686731)
body_offset = Transform3D(0.501644, -0.07381, 0.861785, 0.852654, -0.125937, -0.507033, 0.145985, 0.990601, -0.000226125, 0.0450562, 0.212058, -0.102671)

[node name="Physical Bone forearmL" parent="Human_Template_Male/metarig/Skeleton3D" index="6"]
transform = Transform3D(1.00001, 3.16757e-07, 2.78894e-06, 5.5423e-06, -0.196544, 0.980515, 3.62248e-06, -0.980491, -0.196548, 0.267324, 1.23558, 0.0251589)
joint_offset = Transform3D(1, 0, 0, 0, 1, 0, 0, 0, 1, 0.00618013, 0.000993127, 0.140585)
body_offset = Transform3D(-0.996992, 0.0546268, -0.0552419, 0.0546523, -0.0120884, -0.998452, -0.0552055, -0.99843, 0.00906682, 0.0138735, 0.140042, 5.80847e-05)

[node name="Physical Bone handL" parent="Human_Template_Male/metarig/Skeleton3D" index="7"]
transform = Transform3D(1.00001, -2.99946e-05, 8.35824e-05, -3.56099e-05, 0.167405, -0.985874, 1.08493e-05, 0.985882, 0.167404, 0.262923, 0.978196, 0.066788)
joint_offset = Transform3D(1, 0, 0, 0, 1, 0, 0, 0, 1, 0.0260841, 0.00869948, -0.118436)
body_offset = Transform3D(-0.996648, 0.000968624, -0.082037, -0.0819242, -0.010686, 0.996558, 6.4687e-05, 0.999936, 0.0107305, 0.0162721, 0.120259, -0.00742973)

[node name="Physical Bone shoulderR" parent="Human_Template_Male/metarig/Skeleton3D" index="8"]
transform = Transform3D(0.999556, -1.7928e-08, 1.85252e-07, 1.33878e-09, 0.999711, -3.47034e-07, 7.09459e-07, -4.00178e-09, 0.999998, -0.204213, 1.598, 0.00611697)
joint_offset = Transform3D(1, 0, 0, 0, 1, 0, 0, 0, 1, 0.185995, 0.0138609, 0.0622831)
body_offset = Transform3D(0.506869, 7.35733e-05, -0.861889, -0.861508, -0.00057041, -0.507094, -0.00052889, 0.999711, -0.000226219, -0.0405951, 0.191828, -0.0137445)

[node name="Physical Bone upper_armR" parent="Human_Template_Male/metarig/Skeleton3D" index="9"]
transform = Transform3D(-0.973711, -0.0768995, 0.214046, 0.217354, -0.0371823, 0.975275, -0.0670515, 0.99626, 0.0529305, -0.24607, 1.48961, 0.00332852)
joint_offset = Transform3D(1, 0, 0, 0, 1, 0, 0, 0, 1, 0.00186979, -0.000303242, 0.136126)
body_offset = Transform3D(0.999926, -1.22115e-05, 2.29303e-05, 1.09677e-05, -4.40814e-05, -0.999889, 7.53254e-06, 0.999915, -3.43099e-05, -0.00187278, 0.136111, 0.000307873)

[node name="Physical Bone forearmR" parent="Human_Template_Male/metarig/Skeleton3D" index="10"]
transform = Transform3D(-0.996979, 0.0552027, 0.0546435, 0.0648797, 0.204986, 0.976601, 0.0427113, 0.977202, -0.207948, -0.281265, 1.22386, 0.0261156)
joint_offset = Transform3D(1, 0, 0, 0, 1, 0, 0, 0, 1, 0.000690653, 0.00215996, 0.152453)
body_offset = Transform3D(1, -1.49757e-06, 2.00644e-05, 1.86646e-05, 0.000142157, -0.999989, 2.48849e-06, 0.999995, 0.000141352, -0.000693709, 0.152451, -0.0021815)

[node name="Physical Bone handR" parent="Human_Template_Male/metarig/Skeleton3D" index="11"]
transform = Transform3D(0.980335, 0.196701, -0.0154985, 0.107864, -0.468471, 0.876835, 0.165218, -0.861301, -0.480475, -0.288485, 1.06462, 0.0671871)
joint_offset = Transform3D(1, 0, 0, 0, 1, 0, 0, 0, 1, 0.00100237, -0.00496141, 0.033483)
body_offset = Transform3D(-0.983655, -0.169133, -0.0616853, -3.72529e-09, 0.342623, -0.939438, 0.18003, -0.924121, -0.337026, 0.00221226, 0.0331551, 0.00651924)

[node name="Physical Bone thighL" parent="Human_Template_Male/metarig/Skeleton3D" index="12"]
transform = Transform3D(0.995057, 0.000739372, -0.099301, 0.0992972, 0.00395898, 0.99505, 0.00113276, -0.998557, 0.00386354, 0.122406, 0.827245, 0.0158376)
joint_offset = Transform3D(1, 0, 0, 0, 1, 0, 0, 0, 1, 0.000184456, 2.16347e-05, 0.247629)
body_offset = Transform3D(1, -5.56349e-07, -2.80404e-07, -1.60961e-07, -5.78724e-06, -1, -1.73971e-06, 0.998565, 2.23983e-06, -0.000184387, 0.247629, -2.2158e-05)

[node name="Physical Bone shinL" parent="Human_Template_Male/metarig/Skeleton3D" index="13"]
transform = Transform3D(0.997615, 0.000158678, -0.0692143, 0.0691425, 0.0389673, 0.996996, 0.00285287, -1.00051, 0.0388254, 0.16413, 0.335511, 0.00517927)
joint_offset = Transform3D(1, 0, 0, 0, 1, 0, 0, 0, 1, -2.6228e-05, 1.19352e-06, 0.249691)
body_offset = Transform3D(1.00001, -2.04868e-06, -2.31847e-06, 1.28218e-06, 3.41237e-06, -1.00015, 3.09898e-07, 1.00127, -2.55182e-06, 2.68072e-05, 0.249728, -5.57862e-07)

[node name="Physical Bone footL" parent="Human_Template_Male/metarig/Skeleton3D" index="14"]
transform = Transform3D(1, -1.47444e-07, -1.64535e-07, 2.03207e-07, 0.236582, 0.971628, -1.04821e-07, -0.971632, 0.236581, 0.181786, 0.0298045, 0.106177)
joint_offset = Transform3D(1, 0, 0, 0, 1, 0, 0, 0, 1, -0.000406907, 0.12099, 0.0290354)
body_offset = Transform3D(1, 4.82638e-09, 8.37016e-09, 1.05286e-08, -0.972475, -0.233091, -2.84217e-13, 0.233091, -0.972471, 0.000406906, 0.124428, 3.43025e-05)

[node name="Physical Bone thighR" parent="Human_Template_Male/metarig/Skeleton3D" index="15"]
transform = Transform3D(0.995057, -0.000741563, 0.0993008, -0.099297, 0.00395879, 0.99505, -0.00113016, -0.998557, 0.00387169, -0.12241, 0.829044, 0.0158226)
joint_offset = Transform3D(1, 0, 0, 0, 1, 0, 0, 0, 1, -2.37294e-06, 1.50591e-06, 0.24584)
body_offset = Transform3D(1, -1.60548e-06, 7.55049e-08, 3.36722e-08, -5.38235e-06, -1, -8.567e-07, 0.998565, -5.91599e-06, 2.35438e-06, 0.24584, -4.93601e-08)

[node name="Physical Bone shinR" parent="Human_Template_Male/metarig/Skeleton3D" index="16"]
transform = Transform3D(0.997615, -0.000157496, 0.0692039, -0.0691449, 0.039053, 0.996951, -0.00285332, -1.0026, 0.038824, -0.164105, 0.335538, 0.00517668)
joint_offset = Transform3D(1, 0, 0, 0, 1, 0, 0, 0, 1, 5.03491e-06, -2.34743e-06, 0.249673)
body_offset = Transform3D(1.00001, 3.26964e-06, -4.88747e-06, 1.05758e-06, -9.16421e-07, -1.0001, 4.58676e-08, 1.00336, -2.8871e-06, -3.8147e-06, 0.249699, 3.07616e-06)

[node name="Physical Bone footR" parent="Human_Template_Male/metarig/Skeleton3D" index="17"]
transform = Transform3D(1, -1.32522e-07, 1.78138e-07, -2.03207e-07, -0.889708, 0.456532, 1.0482e-07, -0.456532, -0.889708, -0.181739, 0.0581523, 0.0510099)
joint_offset = Transform3D(1, 0, 0, 0, 1, 0, 0, 0, 1, 0.000359134, 1.57392e-06, 0.0624041)
joint_rotation = Vector3(0, 0, 0)
body_offset = Transform3D(1, 1.26114e-10, -1.02363e-08, -1.05296e-08, -1.49012e-07, -1, 3.90799e-13, 1, -1.49012e-07, -0.000359133, 0.0624041, -1.56462e-06)

[node name="ProjectilePlacement" parent="Human_Template_Male" index="2"]
transform = Transform3D(1, 6.1795e-08, 7.38393e-09, -6.17951e-08, 0.971846, 0.235617, 7.38393e-09, -0.235617, 0.971846, -0.608473, 1.25401, 0.260283)

[node name="MeshInstance3D" parent="Human_Template_Male" index="3"]
mesh = SubResource("CapsuleMesh_88lh1")

[node name="AnimationTree" parent="." index="2"]
parameters/Movement/playback = SubResource("AnimationNodeStateMachinePlayback_w3fvr")
"parameters/TimeScale 2/scale" = 1.0

[editable path="Human_Template_Male"]
