[gd_scene load_steps=9 format=3 uid="uid://cw8obhhnbl33s"]

[ext_resource type="PackedScene" uid="uid://dklaxvd7swq26" path="res://Characters/Character.tscn" id="1_gltfd"]
[ext_resource type="Script" path="res://Characters/Floral/florist.gd" id="2_0kib0"]
[ext_resource type="Script" path="res://Characters/Resources/character_data.gd" id="3_qrku6"]
[ext_resource type="PackedScene" uid="uid://cwxvknjlk6sb2" path="res://Projectile/Vase/vase.tscn" id="4_5leaf"]

[sub_resource type="Resource" id="Resource_fwo35"]
resource_local_to_scene = true
script = ExtResource("3_qrku6")
Team = "Floral"
max_health = 100
single_fire = true
base_damage = 10
special_damage = 0
projectile_damage = 15
projectile_speed = 15.0
max_ammo = 10
move_speed = 6.0
acceleration = 0.09
gravity = 30.0
dodge_force = 20.0
punch_force = 10.0

[sub_resource type="StandardMaterial3D" id="StandardMaterial3D_mkd0e"]
albedo_color = Color(0.921569, 0, 0.858824, 1)

[sub_resource type="CapsuleMesh" id="CapsuleMesh_88lh1"]
material = SubResource("StandardMaterial3D_mkd0e")
radius = 0.201
height = 0.654

[sub_resource type="AnimationNodeStateMachinePlayback" id="AnimationNodeStateMachinePlayback_w3fvr"]

[node name="Florist" instance=ExtResource("1_gltfd")]
script = ExtResource("2_0kib0")
character_stats = SubResource("Resource_fwo35")
projectile = ExtResource("4_5leaf")

[node name="Skeleton3D" parent="Human_Template_Male/metarig" index="0"]
bones/6/rotation = Quaternion(-0.0895188, -0.00132769, -0.00357704, 0.995978)
bones/8/position = Vector3(0.0183, 0.138452, 0.0782861)
bones/31/position = Vector3(-0.0183, 0.138452, 0.0782861)

[node name="RightHookBone" parent="Human_Template_Male/metarig/Skeleton3D" index="1"]
transform = Transform3D(-0.996636, 0.0819602, -5.96941e-05, -0.0809554, -0.984304, 0.156818, 0.0127941, 0.156295, 0.987628, -0.288997, 1.09089, 0.0555382)

[node name="LeftHookBone" parent="Human_Template_Male/metarig/Skeleton3D" index="2"]
transform = Transform3D(-0.996636, -0.0819603, 5.95488e-05, 0.0809555, -0.984304, 0.156818, -0.0127942, 0.156295, 0.987628, 0.288997, 1.09089, 0.0555382)

[node name="Physical Bone spine" parent="Human_Template_Male/metarig/Skeleton3D" index="3"]
transform = Transform3D(0.998836, -7.0346e-14, -4.83169e-13, -8.80381e-12, 0.999999, -2.38419e-07, -1.35316e-10, 2.68221e-07, 0.999999, -1.38517e-08, 1.37348, 0.0166594)
joint_offset = Transform3D(1, 0, 0, 0, 1, 0, 0, 0, 1, 1.38677e-08, -0.363581, -0.0718593)
body_offset = Transform3D(0.998837, -7.0346e-14, -4.83169e-13, -4.23057e-11, 0.968338, 0.249639, -1.28836e-10, -0.249639, 0.968338, -1.38517e-08, 0.370008, -0.0211799)

[node name="Physical Bone spine005" parent="Human_Template_Male/metarig/Skeleton3D" index="4"]
transform = Transform3D(0.258819, -0.967084, -1.77472e-07, 0.965922, 0.258819, 1.49012e-08, -7.51684e-07, -2.27559e-07, 0.999999, -1.28025e-08, 1.8518, 0.0674139)
joint_offset = Transform3D(1, 0, 0, 0, 1, 0, 0, 0, 1, -0.127605, -0.0341507, -0.0544142)
body_offset = Transform3D(0.258819, -0.967085, -1.77472e-07, 0.948957, 0.254273, 0.186599, -0.180241, -0.0482956, 0.982435, -1.28025e-08, 0.139929, 0.0288094)

[node name="Physical Bone shoulderL" parent="Human_Template_Male/metarig/Skeleton3D" index="5"]
transform = Transform3D(0.989352, -0.145443, -2.62644e-07, 0.145461, 0.990403, -2.39597e-07, -4.72842e-05, 1.67144e-05, 0.999878, 0.223838, 1.50332, -0.000217908)
joint_offset = Transform3D(1, 0, 0, 0, 1, 0, 0, 0, 1, -0.188361, 0.131889, 0.0686152)
body_offset = Transform3D(0.501644, -0.0738122, 0.861785, 0.852654, -0.12593, -0.507033, 0.145985, 0.990326, -0.000226058, 0.0450938, 0.212006, -0.1031)

[node name="Physical Bone forearmL" parent="Human_Template_Male/metarig/Skeleton3D" index="6"]
transform = Transform3D(1.00001, 1.60295e-07, 5.08361e-07, 5.59073e-06, -0.196544, 0.980499, 3.11957e-06, -0.980491, -0.196545, 0.267324, 1.22998, 0.0252825)
joint_offset = Transform3D(1, 0, 0, 0, 1, 0, 0, 0, 1, 0.00618036, 0.0010556, 0.140905)
body_offset = Transform3D(-0.996992, 0.0546269, -0.0552388, 0.0546522, -0.0120883, -0.998436, -0.055206, -0.998429, 0.00906724, 0.0138875, 0.14036, 0.000117511)

[node name="Physical Bone handL" parent="Human_Template_Male/metarig/Skeleton3D" index="7"]
transform = Transform3D(1.00001, -2.37278e-05, 8.35824e-05, -3.42627e-05, 0.167404, -0.985874, 1.01943e-05, 0.985882, 0.167404, 0.262923, 0.972689, 0.0668443)
joint_offset = Transform3D(1, 0, 0, 0, 1, 0, 0, 0, 1, 0.026084, 0.0086775, -0.118643)
body_offset = Transform3D(-0.996648, 0.000962381, -0.082037, -0.0819257, -0.0106865, 0.996558, 6.4251e-05, 0.999936, 0.0107305, 0.0162551, 0.120464, -0.00740552)

[node name="Physical Bone shoulderR" parent="Human_Template_Male/metarig/Skeleton3D" index="8"]
transform = Transform3D(0.999556, -1.62981e-08, 1.85216e-07, 1.22236e-09, 0.999711, -2.80124e-07, 7.09459e-07, -3.47791e-09, 0.999998, -0.204219, 1.59269, 0.00612177)
joint_offset = Transform3D(1, 0, 0, 0, 1, 0, 0, 0, 1, 0.186001, 0.0138609, 0.0622782)
body_offset = Transform3D(0.506869, 7.35737e-05, -0.861889, -0.861508, -0.000570412, -0.507094, -0.00052889, 0.999711, -0.000226152, -0.0406024, 0.19183, -0.0137445)

[node name="Physical Bone upper_armR" parent="Human_Template_Male/metarig/Skeleton3D" index="9"]
transform = Transform3D(-0.973711, -0.0769003, 0.214064, 0.217354, -0.037183, 0.97533, -0.0670516, 0.996265, 0.0529341, -0.246035, 1.48435, 0.00332849)
joint_offset = Transform3D(1, 0, 0, 0, 1, 0, 0, 0, 1, 0.00189406, -0.000298759, 0.136063)
body_offset = Transform3D(0.999926, -1.18464e-05, 1.71773e-05, 1.09584e-05, -4.3489e-05, -0.999947, 7.42823e-06, 0.99992, -3.42168e-05, -0.00189626, 0.136056, 0.000303376)

[node name="Physical Bone forearmR" parent="Human_Template_Male/metarig/Skeleton3D" index="10"]
transform = Transform3D(-0.996979, 0.0552028, 0.0546436, 0.0648801, 0.204986, 0.976601, 0.0427115, 0.977202, -0.207949, -0.281265, 1.2183, 0.0261156)
joint_offset = Transform3D(1, 0, 0, 0, 1, 0, 0, 0, 1, 0.000707184, 0.00221182, 0.1527)
body_offset = Transform3D(1, -1.5907e-06, 1.99014e-05, 1.83322e-05, 0.000142038, -0.999989, 2.71201e-06, 0.999995, 0.000140697, -0.000710219, 0.152698, -0.0022333)

[node name="Physical Bone handR" parent="Human_Template_Male/metarig/Skeleton3D" index="11"]
transform = Transform3D(0.980335, 0.196701, -0.0154985, 0.107864, -0.468471, 0.876835, 0.165218, -0.861301, -0.480475, -0.288485, 1.05932, 0.0671871)
joint_offset = Transform3D(1, 0, 0, 0, 1, 0, 0, 0, 1, 0.00100235, -0.00496137, 0.033483)
body_offset = Transform3D(-0.983655, -0.169133, -0.0616853, -3.72529e-09, 0.342623, -0.939438, 0.18003, -0.924121, -0.337026, 0.00221224, 0.0331551, 0.00651929)

[node name="Physical Bone thighL" parent="Human_Template_Male/metarig/Skeleton3D" index="12"]
transform = Transform3D(0.995057, 0.000739836, -0.099301, 0.0992972, 0.00395898, 0.99505, 0.00113276, -0.998832, 0.00386354, 0.122402, 0.827287, 0.0158376)
joint_offset = Transform3D(1, 0, 0, 0, 1, 0, 0, 0, 1, 0.000184605, 2.14678e-05, 0.247588)
body_offset = Transform3D(1, -4.05125e-07, -2.80407e-07, -1.60955e-07, -4.67873e-06, -1, -1.73796e-06, 0.99884, 2.24286e-06, -0.000184536, 0.247588, -2.19978e-05)

[node name="Physical Bone shinL" parent="Human_Template_Male/metarig/Skeleton3D" index="13"]
transform = Transform3D(0.997615, 0.000158675, -0.0692143, 0.0691426, 0.0389673, 0.996996, 0.00285288, -1.00051, 0.0388254, 0.16413, 0.335511, 0.00517929)
joint_offset = Transform3D(1, 0, 0, 0, 1, 0, 0, 0, 1, -2.6228e-05, 1.21306e-06, 0.249691)
body_offset = Transform3D(1.00001, -2.0517e-06, -2.31851e-06, 1.1927e-06, 3.41237e-06, -1.00015, 3.11527e-07, 1.00127, -2.54065e-06, 2.68072e-05, 0.249728, -5.80214e-07)

[node name="Physical Bone footL" parent="Human_Template_Male/metarig/Skeleton3D" index="14"]
transform = Transform3D(1, -1.47444e-07, -1.64498e-07, 2.03207e-07, 0.236581, 0.971626, -1.04821e-07, -0.97163, 0.23658, 0.181786, 0.0298046, 0.106177)
joint_offset = Transform3D(1, 0, 0, 0, 1, 0, 0, 0, 1, -0.000406907, 0.120991, 0.0290356)
body_offset = Transform3D(1, 4.82592e-09, 8.40617e-09, 1.05286e-08, -0.972473, -0.233091, -2.84217e-13, 0.233091, -0.972469, 0.000406906, 0.124428, 3.4295e-05)

[node name="Physical Bone thighR" parent="Human_Template_Male/metarig/Skeleton3D" index="15"]
transform = Transform3D(0.995057, -0.000741563, 0.0993007, -0.099297, 0.00395888, 0.99505, -0.00113016, -0.998832, 0.00387062, -0.12241, 0.829044, 0.0158226)
joint_offset = Transform3D(1, 0, 0, 0, 1, 0, 0, 0, 1, -2.37141e-06, 1.24114e-06, 0.24584)
body_offset = Transform3D(1, -1.30397e-06, 6.92694e-08, 3.36663e-08, -4.41354e-06, -1, -8.58214e-07, 0.99884, -4.84195e-06, 2.35438e-06, 0.24584, -4.93601e-08)

[node name="Physical Bone shinR" parent="Human_Template_Male/metarig/Skeleton3D" index="16"]
transform = Transform3D(0.997615, -0.000158012, 0.0692039, -0.0691448, 0.0390268, 0.996951, -0.00285331, -1.00194, 0.038824, -0.164105, 0.335538, 0.00517668)
joint_offset = Transform3D(1, 0, 0, 0, 1, 0, 0, 0, 1, 5.02004e-06, -2.33785e-06, 0.249673)
body_offset = Transform3D(1.00001, 2.67359e-06, -4.8876e-06, 9.67892e-07, -5.06639e-07, -1.0001, 4.21423e-08, 1.0027, -2.9318e-06, -3.7998e-06, 0.249699, 3.07616e-06)

[node name="Physical Bone footR" parent="Human_Template_Male/metarig/Skeleton3D" index="17"]
transform = Transform3D(1, -1.32522e-07, 1.78138e-07, -2.03207e-07, -0.889708, 0.456532, 1.04821e-07, -0.456532, -0.889708, -0.18167, 0.0581522, 0.0510094)
joint_offset = Transform3D(1, 0, 0, 0, 1, 0, 0, 0, 1, 0.000290201, 1.23678e-06, 0.0624037)
joint_rotation = Vector3(0, 0, 0)
body_offset = Transform3D(1, 1.25922e-10, -1.02365e-08, -1.05294e-08, -1.19209e-07, -1, 5.68434e-14, 1, -1.19209e-07, -0.0002902, 0.0624038, -1.22935e-06)

[node name="ProjectilePlacement" parent="Human_Template_Male" index="2"]
transform = Transform3D(1, 6.1795e-08, 7.38393e-09, -6.17951e-08, 0.971846, 0.235617, 7.38393e-09, -0.235617, 0.971846, -0.608473, 1.25401, 0.260283)

[node name="MeshInstance3D" parent="Human_Template_Male" index="3"]
mesh = SubResource("CapsuleMesh_88lh1")

[node name="AnimationTree" parent="." index="2"]
parameters/Movement/playback = SubResource("AnimationNodeStateMachinePlayback_w3fvr")
"parameters/TimeScale 2/scale" = 1.0

[editable path="Human_Template_Male"]
