[gd_scene load_steps=7 format=3 uid="uid://cw8obhhnbl33s"]

[ext_resource type="PackedScene" uid="uid://dklaxvd7swq26" path="res://Characters/Character.tscn" id="1_gltfd"]
[ext_resource type="Script" path="res://Characters/Floral/florist.gd" id="2_0kib0"]
[ext_resource type="Script" path="res://Characters/Resources/character_data.gd" id="3_qrku6"]
[ext_resource type="PackedScene" uid="uid://cwxvknjlk6sb2" path="res://Projectile/Vase/vase.tscn" id="4_5leaf"]

[sub_resource type="Resource" id="Resource_fwo35"]
script = ExtResource("3_qrku6")
Team = "FLORAL"
max_health = 100
single_fire = true
base_damage = 10
special_damage = 0
projectile_speed = 15.0
projectile_damage = 15
max_ammo = 10
move_speed = 5.0
acceleration = 0.07
gravity = 30.0

[sub_resource type="AnimationNodeStateMachinePlayback" id="AnimationNodeStateMachinePlayback_w3fvr"]

[node name="Florist" instance=ExtResource("1_gltfd")]
script = ExtResource("2_0kib0")
character_stats = SubResource("Resource_fwo35")
projectile = ExtResource("4_5leaf")

[node name="Skeleton3D" parent="Human_Template_Male/metarig" index="0"]
bones/6/rotation = Quaternion(-0.0917579, -0.000618842, -0.00166727, 0.99578)
bones/8/position = Vector3(0.0183, 0.137863, 0.0782693)
bones/31/position = Vector3(-0.0183, 0.137863, 0.0782693)

[node name="RightHookBone" parent="Human_Template_Male/metarig/Skeleton3D" index="1"]
transform = Transform3D(-0.996636, 0.0819614, -5.98207e-05, -0.0809567, -0.984304, 0.156816, 0.012794, 0.156294, 0.987628, -0.288996, 1.0903, 0.0555374)

[node name="LeftHookBone" parent="Human_Template_Male/metarig/Skeleton3D" index="2"]
transform = Transform3D(-0.996636, -0.0819601, 5.91613e-05, 0.0809554, -0.984304, 0.156817, -0.0127944, 0.156294, 0.987628, 0.288997, 1.0903, 0.0555378)

[node name="Physical Bone spine" parent="Human_Template_Male/metarig/Skeleton3D" index="3"]
transform = Transform3D(0.999115, -7.0346e-14, -4.83169e-13, -6.60473e-12, 0.999999, -2.38419e-07, -9.57812e-11, 2.68221e-07, 0.999999, -1.38506e-08, 1.37348, 0.0166585)
joint_offset = Transform3D(1, 0, 0, 0, 1, 0, 0, 0, 1, 1.38628e-08, -0.363581, -0.0718585)
body_offset = Transform3D(0.999115, -7.0346e-14, -4.83169e-13, -3.03189e-11, 0.968338, 0.249639, -9.11484e-11, -0.249639, 0.968338, -1.38506e-08, 0.370008, -0.0211807)

[node name="Physical Bone spine005" parent="Human_Template_Male/metarig/Skeleton3D" index="4"]
transform = Transform3D(0.258819, -0.966806, -1.77339e-07, 0.965922, 0.258819, 1.49012e-08, -7.51684e-07, -2.27486e-07, 0.999999, -1.27859e-08, 1.8518, 0.067414)
joint_offset = Transform3D(1, 0, 0, 0, 1, 0, 0, 0, 1, -0.127603, -0.0341599, -0.0544142)
body_offset = Transform3D(0.258819, -0.966806, -1.77339e-07, 0.948957, 0.254273, 0.186599, -0.180241, -0.0482956, 0.982435, -1.27859e-08, 0.139929, 0.0288094)

[node name="Physical Bone shoulderL" parent="Human_Template_Male/metarig/Skeleton3D" index="5"]
transform = Transform3D(0.989352, -0.145438, -2.32806e-07, 0.145461, 0.990124, -1.72455e-07, -4.71948e-05, 1.03475e-05, 0.999878, 0.223802, 1.50217, -0.00016261)
joint_offset = Transform3D(1, 0, 0, 0, 1, 0, 0, 0, 1, -0.18827, 0.132264, 0.0685608)
body_offset = Transform3D(0.501644, -0.073815, 0.861785, 0.852654, -0.125922, -0.507033, 0.145985, 0.990047, -0.000225991, 0.0451231, 0.211947, -0.103447)

[node name="Physical Bone forearmL" parent="Human_Template_Male/metarig/Skeleton3D" index="6"]
transform = Transform3D(1.00001, 6.11055e-07, 2.70874e-07, 4.53368e-06, -0.196543, 0.980492, 2.60548e-06, -0.98049, -0.196543, 0.267324, 1.22887, 0.0254061)
joint_offset = Transform3D(1, 0, 0, 0, 1, 0, 0, 0, 1, 0.00618033, 0.00111784, 0.141225)
body_offset = Transform3D(-0.996992, 0.0546269, -0.0552382, 0.0546531, -0.0120883, -0.998429, -0.055207, -0.998429, 0.00906661, 0.0139017, 0.140679, 0.000176847)

[node name="Physical Bone handL" parent="Human_Template_Male/metarig/Skeleton3D" index="7"]
transform = Transform3D(1.00001, -1.80333e-05, 7.38478e-05, -2.80743e-05, 0.167404, -0.985879, 9.34782e-06, 0.985882, 0.167404, 0.262923, 0.971683, 0.0669011)
joint_offset = Transform3D(1, 0, 0, 0, 1, 0, 0, 0, 1, 0.0260828, 0.00865484, -0.118851)
body_offset = Transform3D(-0.996647, 0.000956316, -0.0820276, -0.0819318, -0.010687, 0.996563, 6.4137e-05, 0.999936, 0.0107305, 0.016238, 0.120672, -0.00738063)

[node name="Physical Bone shoulderR" parent="Human_Template_Male/metarig/Skeleton3D" index="8"]
transform = Transform3D(0.999556, -1.26334e-06, -3.50978e-07, 1.11462e-06, 0.999711, -9.14632e-07, 1.09648e-06, 7.77494e-07, 0.999998, -0.204226, 1.59188, 0.00612716)
joint_offset = Transform3D(1, 0, 0, 0, 1, 0, 0, 0, 1, 0.186009, 0.013861, 0.0622728)
body_offset = Transform3D(0.506869, 7.35755e-05, -0.861889, -0.861508, -0.000570416, -0.507094, -0.00052889, 0.999711, -0.000226085, -0.0406108, 0.191834, -0.0137445)

[node name="Physical Bone upper_armR" parent="Human_Template_Male/metarig/Skeleton3D" index="9"]
transform = Transform3D(-0.973725, -0.0769072, 0.214068, 0.217356, -0.0371895, 0.975344, -0.067054, 0.996293, 0.0529364, -0.246005, 1.48361, 0.00332823)
joint_offset = Transform3D(1, 0, 0, 0, 1, 0, 0, 0, 1, 0.00190912, -0.000294116, 0.135993)
body_offset = Transform3D(0.99994, -7.98702e-06, 1.53708e-05, 1.10753e-05, -3.8363e-05, -0.999962, 5.59539e-06, 0.999949, -3.42019e-05, -0.0019111, 0.135988, 0.000298742)

[node name="Physical Bone forearmR" parent="Human_Template_Male/metarig/Skeleton3D" index="10"]
transform = Transform3D(-0.996979, 0.0552027, 0.0546423, 0.0648789, 0.204985, 0.976601, 0.0427117, 0.977202, -0.207947, -0.281265, 1.21722, 0.0261144)
joint_offset = Transform3D(1, 0, 0, 0, 1, 0, 0, 0, 1, 0.000724971, 0.00226887, 0.152969)
body_offset = Transform3D(1, -1.61678e-06, 1.98986e-05, 1.81049e-05, 0.000141948, -0.999989, 2.92435e-06, 0.999995, 0.000140637, -0.000728011, 0.152967, -0.00229037)

[node name="Physical Bone handR" parent="Human_Template_Male/metarig/Skeleton3D" index="11"]
transform = Transform3D(0.980335, 0.196701, -0.0155019, 0.107865, -0.46847, 0.87685, 0.165218, -0.861302, -0.480476, -0.288484, 1.05851, 0.0671863)
joint_offset = Transform3D(1, 0, 0, 0, 1, 0, 0, 0, 1, 0.00100235, -0.00496108, 0.0334826)
body_offset = Transform3D(-0.983655, -0.169133, -0.0616844, 1.30385e-08, 0.342623, -0.939453, 0.18003, -0.924121, -0.337026, 0.00221224, 0.0331551, 0.00651941)

[node name="Physical Bone thighL" parent="Human_Template_Male/metarig/Skeleton3D" index="12"]
transform = Transform3D(0.995057, 0.000740293, -0.0993009, 0.0992971, 0.00395849, 0.99505, 0.0011327, -0.99911, 0.00386304, 0.122401, 0.827297, 0.0158377)
joint_offset = Transform3D(1, 0, 0, 0, 1, 0, 0, 0, 1, 0.000184843, 2.14199e-05, 0.247577)
body_offset = Transform3D(1, -2.76952e-07, -2.80411e-07, -1.45992e-07, -3.55812e-06, -1, -1.72213e-06, 0.999118, 2.24658e-06, -0.000184774, 0.247577, -2.19569e-05)

[node name="Physical Bone shinL" parent="Human_Template_Male/metarig/Skeleton3D" index="13"]
transform = Transform3D(0.997613, 0.000158893, -0.0692143, 0.0691426, 0.0389607, 0.996996, 0.00285285, -1.00035, 0.0388248, 0.16413, 0.335511, 0.00517968)
joint_offset = Transform3D(1, 0, 0, 0, 1, 0, 0, 0, 1, -2.6228e-05, 1.22257e-06, 0.249691)
body_offset = Transform3D(1.00001, -1.81259e-06, -2.31867e-06, 1.05843e-06, 3.30806e-06, -1.00015, 3.12459e-07, 1.00111, -2.48104e-06, 2.68072e-05, 0.249728, -6.04428e-07)

[node name="Physical Bone footL" parent="Human_Template_Male/metarig/Skeleton3D" index="14"]
transform = Transform3D(1, -2.32478e-07, -1.75053e-07, 2.3641e-07, 0.23658, 0.971624, -1.82048e-07, -0.971628, 0.236578, 0.181786, 0.0298049, 0.106177)
joint_offset = Transform3D(1, 0, 0, 0, 1, 0, 0, 0, 1, -0.000406907, 0.120991, 0.0290356)
body_offset = Transform3D(1, 4.90809e-09, 8.40632e-09, 1.05286e-08, -0.972471, -0.233091, -2.84217e-13, 0.233091, -0.972467, 0.000406906, 0.124428, 3.42876e-05)

[node name="Physical Bone thighR" parent="Human_Template_Male/metarig/Skeleton3D" index="15"]
transform = Transform3D(0.995057, -0.000741575, 0.0993007, -0.099297, 0.00395839, 0.99505, -0.00113012, -0.99911, 0.00386904, -0.12241, 0.829044, 0.0158228)
joint_offset = Transform3D(1, 0, 0, 0, 1, 0, 0, 0, 1, -2.37171e-06, 9.77384e-07, 0.24584)
body_offset = Transform3D(1, -9.88948e-07, 7.04977e-08, 3.3659e-08, -3.33716e-06, -1, -8.60076e-07, 0.999118, -3.75626e-06, 2.35438e-06, 0.24584, -5.30854e-08)

[node name="Physical Bone shinR" parent="Human_Template_Male/metarig/Skeleton3D" index="16"]
transform = Transform3D(0.997613, -0.00015858, 0.0692036, -0.0691444, 0.0389995, 0.996947, -0.00285327, -1.00126, 0.0388235, -0.164105, 0.33554, 0.00517803)
joint_offset = Transform3D(1, 0, 0, 0, 1, 0, 0, 0, 1, 5.04991e-06, -1.38865e-06, 0.249673)
body_offset = Transform3D(1.00001, 2.03494e-06, -4.88784e-06, 8.18414e-07, -1.15484e-07, -1.0001, 3.58559e-08, 1.00202, -3.01749e-06, -3.8296e-06, 0.249698, 2.14484e-06)

[node name="Physical Bone footR" parent="Human_Template_Male/metarig/Skeleton3D" index="17"]
transform = Transform3D(1, -1.22947e-07, 2.63348e-07, -2.3641e-07, -0.889708, 0.45653, 1.82048e-07, -0.456531, -0.889708, -0.1816, 0.0581523, 0.0510094)
joint_offset = Transform3D(1, 0, 0, 0, 1, 0, 0, 0, 1, 0.000220479, 9.2386e-07, 0.0624034)
joint_rotation = Vector3(0, 0, 0)
body_offset = Transform3D(1, 1.25688e-10, -1.02573e-08, -1.05291e-08, -1.49012e-07, -1, -1.27898e-13, 1, -1.19209e-07, -0.000220478, 0.0624034, -9.16421e-07)

[node name="ProjectilePlacement" parent="Human_Template_Male" index="2"]
transform = Transform3D(1, 6.1795e-08, 7.38393e-09, -6.17951e-08, 0.971846, 0.235617, 7.38393e-09, -0.235617, 0.971846, -0.608473, 1.25401, 0.260283)

[node name="AnimationTree" parent="." index="2"]
parameters/Movement/playback = SubResource("AnimationNodeStateMachinePlayback_w3fvr")
"parameters/TimeScale 2/scale" = 1.0

[editable path="Human_Template_Male"]
