[gd_scene load_steps=7 format=3 uid="uid://cw8obhhnbl33s"]

[ext_resource type="PackedScene" uid="uid://dklaxvd7swq26" path="res://Characters/Character.tscn" id="1_gltfd"]
[ext_resource type="Script" path="res://Characters/Floral/florist.gd" id="2_0kib0"]
[ext_resource type="Script" path="res://Characters/Resources/character_data.gd" id="3_qrku6"]
[ext_resource type="PackedScene" uid="uid://cwxvknjlk6sb2" path="res://Projectile/Vase/vase.tscn" id="4_5leaf"]

[sub_resource type="Resource" id="Resource_fwo35"]
script = ExtResource("3_qrku6")
Team = "FLORAL"
max_health = 100
single_fire = true
base_damage = 10
special_damage = 0
projectile_speed = 15.0
projectile_damage = 15
max_ammo = 10
move_speed = 15.0
acceleration = 0.2
gravity = 30.0

[sub_resource type="AnimationNodeStateMachinePlayback" id="AnimationNodeStateMachinePlayback_w3fvr"]

[node name="Florist" instance=ExtResource("1_gltfd")]
script = ExtResource("2_0kib0")
character_stats = SubResource("Resource_fwo35")
projectile = ExtResource("4_5leaf")

[node name="Skeleton3D" parent="Human_Template_Male/metarig" index="0"]
bones/6/rotation = Quaternion(-0.0935204, -6.06747e-05, -0.00016347, 0.995617)
bones/8/position = Vector3(0.0183, 0.137356, 0.0782548)
bones/31/position = Vector3(-0.0183, 0.137356, 0.0782548)

[node name="RightHookBone" parent="Human_Template_Male/metarig/Skeleton3D" index="1"]
transform = Transform3D(-0.996636, 0.0819602, -5.96941e-05, -0.0809554, -0.984304, 0.156818, 0.0127941, 0.156295, 0.987628, -0.288997, 1.0898, 0.0555382)

[node name="LeftHookBone" parent="Human_Template_Male/metarig/Skeleton3D" index="2"]
transform = Transform3D(-0.996636, -0.0819603, 5.95488e-05, 0.0809555, -0.984304, 0.156818, -0.0127942, 0.156295, 0.987628, 0.288997, 1.0898, 0.0555382)

[node name="Physical Bone spine" parent="Human_Template_Male/metarig/Skeleton3D" index="3"]
transform = Transform3D(0.999958, -7.0346e-14, -4.83169e-13, -1.13747e-13, 0.999999, -2.38419e-07, -4.83169e-13, 2.68221e-07, 0.999999, -1.38641e-08, 1.37348, 0.0166578)
joint_offset = Transform3D(1, 0, 0, 0, 1, 0, 0, 0, 1, 1.38646e-08, -0.363581, -0.0718578)
body_offset = Transform3D(0.999958, -7.0346e-14, -4.83169e-13, -2.27374e-13, 0.968338, 0.249639, -4.26326e-13, -0.249639, 0.968338, -1.38641e-08, 0.370008, -0.0211814)

[node name="Physical Bone spine005" parent="Human_Template_Male/metarig/Skeleton3D" index="4"]
transform = Transform3D(0.258819, -0.965963, -1.76937e-07, 0.965922, 0.258819, 1.49012e-08, -7.51684e-07, -2.27265e-07, 0.999999, -1.27382e-08, 1.8518, 0.0674143)
joint_offset = Transform3D(1, 0, 0, 0, 1, 0, 0, 0, 1, -0.127596, -0.034188, -0.0544145)
body_offset = Transform3D(0.258819, -0.965963, -1.76937e-07, 0.948957, 0.254273, 0.186599, -0.180241, -0.0482956, 0.982435, -1.27382e-08, 0.13993, 0.0288096)

[node name="Physical Bone shoulderL" parent="Human_Template_Male/metarig/Skeleton3D" index="5"]
transform = Transform3D(0.989303, -0.145428, -2.625e-07, 0.145435, 0.989281, 3.28582e-08, -6.47878e-06, 2.02938e-06, 0.999878, 0.22368, 1.50126, -1.05798e-05)
joint_offset = Transform3D(1, 0, 0, 0, 1, 0, 0, 0, 1, -0.188064, 0.132904, 0.0684175)
body_offset = Transform3D(0.501654, -0.0738168, 0.861785, 0.852591, -0.125908, -0.507033, 0.145958, 0.989204, -0.000225786, 0.0451925, 0.211765, -0.104004)

[node name="Physical Bone forearmL" parent="Human_Template_Male/metarig/Skeleton3D" index="6"]
transform = Transform3D(1, 1.71471e-07, 3.9538e-07, 1.6205e-07, -0.196544, 0.98049, 5.08138e-07, -0.98049, -0.196544, 0.267323, 1.22763, 0.0257809)
joint_offset = Transform3D(1, 0, 0, 0, 1, 0, 0, 0, 1, 0.00618132, 0.00131001, 0.142172)
body_offset = Transform3D(-0.996977, 0.0546269, -0.0552381, 0.0546562, -0.0120883, -0.998427, -0.0552089, -0.998429, 0.00906605, 0.0139444, 0.141626, 0.00036028)

[node name="Physical Bone handL" parent="Human_Template_Male/metarig/Skeleton3D" index="7"]
transform = Transform3D(0.999997, -3.16912e-07, 2.55082e-07, -2.50286e-07, 0.167404, -0.985883, 4.68487e-07, 0.985882, 0.167405, 0.262923, 0.970724, 0.0670707)
joint_offset = Transform3D(1, 0, 0, 0, 1, 0, 0, 0, 1, 0.0260742, 0.0085886, -0.11947)
body_offset = Transform3D(-0.996632, 0.000939027, -0.0819547, -0.0819596, -0.0106882, 0.996573, 5.99783e-05, 0.999936, 0.0107296, 0.0161872, 0.121289, -0.00730775)

[node name="Physical Bone palm01L" parent="Human_Template_Male/metarig/Skeleton3D" index="8"]
transform = Transform3D(0.0287717, -0.997462, 0.0649542, -0.333477, 0.0516817, 0.941341, -0.942318, -0.0487455, -0.33115, 0.286338, 1.00228, 0.0909498)
joint_offset = Transform3D(1, 0, 0, 0, 1, 0, 0, 0, 1, -0.00364844, 0.000540612, 0.0465905)
body_offset = Transform3D(0.999999, 5.28991e-07, 8.04663e-07, -7.7486e-07, 6.85453e-07, -1, -1.15484e-07, 0.999988, 3.69363e-06, 0.0036484, 0.0465906, -0.000540778)

[node name="Physical Bone shoulderR" parent="Human_Template_Male/metarig/Skeleton3D" index="9"]
transform = Transform3D(0.999556, -5.3551e-09, 1.85073e-07, 8.73115e-10, 0.999711, -8.58563e-09, 7.69064e-07, -1.41154e-09, 0.999998, -0.204257, 1.59024, 0.00613264)
joint_offset = Transform3D(1, 0, 0, 0, 1, 0, 0, 0, 1, 0.186039, 0.0151479, 0.0622674)
body_offset = Transform3D(0.506869, 7.35775e-05, -0.861889, -0.861508, -0.000570422, -0.507094, -0.00052889, 0.999711, -0.000225881, -0.0406312, 0.191859, -0.0150311)

[node name="Physical Bone upper_armR" parent="Human_Template_Male/metarig/Skeleton3D" index="10"]
transform = Transform3D(-0.973775, -0.0769116, 0.214072, 0.217368, -0.037191, 0.975349, -0.0670604, 0.996312, 0.0529362, -0.245962, 1.48339, 0.00332812)
joint_offset = Transform3D(1, 0, 0, 0, 1, 0, 0, 0, 1, 0.00192125, -0.000285338, 0.135847)
body_offset = Transform3D(0.999991, -5.8189e-06, 1.407e-05, 1.12441e-05, -3.5733e-05, -0.999967, 3.05474e-06, 0.999968, -3.33786e-05, -0.00192314, 0.135843, 0.000289857)

[node name="Physical Bone forearmR" parent="Human_Template_Male/metarig/Skeleton3D" index="11"]
transform = Transform3D(-0.996979, 0.0552041, 0.0546469, 0.0648807, 0.204986, 0.976606, 0.0427116, 0.977202, -0.207948, -0.281266, 1.2161, 0.0261126)
joint_offset = Transform3D(1, 0, 0, 0, 1, 0, 0, 0, 1, 0.000774704, 0.00242679, 0.15371)
body_offset = Transform3D(1, -2.87592e-06, 1.69585e-05, 1.77417e-05, 0.000142217, -0.999994, 3.02121e-06, 0.999995, 0.000142261, -0.000777304, 0.153709, -0.00244865)

[node name="Physical Bone handR" parent="Human_Template_Male/metarig/Skeleton3D" index="12"]
transform = Transform3D(0.980335, 0.196701, -0.0155038, 0.107864, -0.468471, 0.876868, 0.165217, -0.861301, -0.48048, -0.288488, 1.05815, 0.067188)
joint_offset = Transform3D(1, 0, 0, 0, 1, 0, 0, 0, 1, 0.00100539, -0.00496128, 0.0334854)
body_offset = Transform3D(-0.983655, -0.169133, -0.0616829, -2.29105e-07, 0.342623, -0.939472, 0.18003, -0.924121, -0.337026, 0.00221531, 0.0331584, 0.00651962)

[node name="Physical Bone thighL" parent="Human_Template_Male/metarig/Skeleton3D" index="13"]
transform = Transform3D(0.995057, 0.000741509, -0.0993009, 0.0992972, 0.00395898, 0.99505, 0.0011311, -0.999954, 0.0038636, 0.122388, 0.827421, 0.0158226)
joint_offset = Transform3D(1, 0, 0, 0, 1, 0, 0, 0, 1, 0.000185449, 5.96149e-06, 0.247453)
body_offset = Transform3D(1, -9.0804e-09, -1.98379e-07, -2.29036e-07, -1.76718e-07, -1, -7.60192e-08, 0.999961, 2.17976e-06, -0.0001854, 0.247453, -6.50063e-06)

[node name="Physical Bone shinL" parent="Human_Template_Male/metarig/Skeleton3D" index="14"]
transform = Transform3D(0.997615, 0.000160205, -0.0692059, 0.0691434, 0.0389238, 0.996913, 0.00285319, -0.999314, 0.0388202, 0.1641, 0.335518, 0.0051802)
joint_offset = Transform3D(1, 0, 0, 0, 1, 0, 0, 0, 1, 1.90778e-06, 1.37624e-06, 0.249703)
body_offset = Transform3D(1.00001, -1.11992e-07, 2.96568e-07, 4.20659e-07, 3.42727e-07, -1.00007, 3.00352e-08, 1.00007, -5.28991e-07, -1.98185e-06, 0.24972, -1.24425e-06)

[node name="Physical Bone thighR" parent="Human_Template_Male/metarig/Skeleton3D" index="16"]
transform = Transform3D(0.995057, -0.000741563, 0.0993008, -0.099297, 0.00395888, 0.99505, -0.00113016, -0.999954, 0.00386608, -0.12241, 0.829045, 0.0158226)
joint_offset = Transform3D(1, 0, 0, 0, 1, 0, 0, 0, 1, -2.46758e-06, 1.25823e-07, 0.245839)
body_offset = Transform3D(1, -3.52738e-08, 9.67598e-08, 3.36559e-08, -7.77654e-08, -1, -8.60891e-07, 0.999961, -2.99653e-07, 2.44379e-06, 0.245839, -5.21541e-08)

[node name="Physical Bone shinR" parent="Human_Template_Male/metarig/Skeleton3D" index="17"]
transform = Transform3D(0.997617, -0.000160219, 0.0692018, -0.0691446, 0.0389244, 0.996857, -0.00285329, -0.999317, 0.0388181, -0.164101, 0.335541, 0.00517964)
joint_offset = Transform3D(1, 0, 0, 0, 1, 0, 0, 0, 1, 2.65737e-07, -2.06993e-08, 0.249694)
body_offset = Transform3D(1.00001, 6.93835e-08, -4.0781e-07, 6.9134e-07, -8.56817e-08, -1.00001, 2.35159e-08, 1.00007, -6.92904e-07, -1.63913e-07, 0.249697, 1.93715e-07)

[node name="Physical Bone footR" parent="Human_Template_Male/metarig/Skeleton3D" index="18"]
transform = Transform3D(1, -1.32648e-07, 1.78117e-07, -2.03207e-07, -0.889706, 0.456531, 1.04821e-07, -0.456531, -0.889707, -0.181389, 0.0581515, 0.0510079)
joint_offset = Transform3D(1, 0, 0, 0, 1, 0, 0, 0, 1, 9.7013e-06, -3.35392e-08, 0.0624028)
body_offset = Transform3D(1, 1.20792e-13, -1.02573e-08, -1.05291e-08, -1.19209e-07, -0.999999, -1.63425e-13, 0.999999, -1.19209e-07, -9.70066e-06, 0.0624027, 4.09782e-08)

[node name="ProjectilePlacement" parent="Human_Template_Male" index="2"]
transform = Transform3D(1, 5.5594e-08, 2.78916e-08, -6.17595e-08, 0.834338, 0.551253, 7.37529e-09, -0.551253, 0.834338, -0.26745, 1.25401, 0.260283)

[node name="AnimationTree" parent="." index="2"]
parameters/Movement/playback = SubResource("AnimationNodeStateMachinePlayback_w3fvr")

[editable path="Human_Template_Male"]
