[gd_scene load_steps=9 format=3 uid="uid://cw8obhhnbl33s"]

[ext_resource type="PackedScene" uid="uid://dklaxvd7swq26" path="res://Characters/Character.tscn" id="1_gltfd"]
[ext_resource type="Script" path="res://Characters/Floral/florist.gd" id="2_0kib0"]
[ext_resource type="Script" path="res://Characters/Resources/character_data.gd" id="3_qrku6"]
[ext_resource type="PackedScene" uid="uid://cwxvknjlk6sb2" path="res://Projectile/Vase/vase.tscn" id="4_5leaf"]

[sub_resource type="Resource" id="Resource_fwo35"]
script = ExtResource("3_qrku6")
Team = "FLORAL"
max_health = 100
single_fire = true
base_damage = 10
special_damage = 0
projectile_damage = 15
projectile_speed = 15.0
max_ammo = 10
move_speed = 6.0
acceleration = 0.09
gravity = 30.0
dodge_force = 20.0
punch_force = 10.0

[sub_resource type="StandardMaterial3D" id="StandardMaterial3D_mkd0e"]
albedo_color = Color(0.921569, 0, 0.858824, 1)

[sub_resource type="CapsuleMesh" id="CapsuleMesh_88lh1"]
material = SubResource("StandardMaterial3D_mkd0e")
radius = 0.201
height = 0.654

[sub_resource type="AnimationNodeStateMachinePlayback" id="AnimationNodeStateMachinePlayback_w3fvr"]

[node name="Florist" instance=ExtResource("1_gltfd")]
script = ExtResource("2_0kib0")
character_stats = SubResource("Resource_fwo35")
projectile = ExtResource("4_5leaf")

[node name="Skeleton3D" parent="Human_Template_Male/metarig" index="0"]
bones/6/rotation = Quaternion(-0.0927789, -0.000295517, -0.000796178, 0.995686)
bones/8/position = Vector3(0.0183, 0.137648, 0.0782631)
bones/31/position = Vector3(-0.0183, 0.137649, 0.0782631)

[node name="RightHookBone" parent="Human_Template_Male/metarig/Skeleton3D" index="1"]
transform = Transform3D(-0.996636, 0.0819602, -5.96941e-05, -0.0809554, -0.984304, 0.156818, 0.0127941, 0.156295, 0.987628, -0.288997, 1.09009, 0.0555382)

[node name="LeftHookBone" parent="Human_Template_Male/metarig/Skeleton3D" index="2"]
transform = Transform3D(-0.996636, -0.0819603, 5.95488e-05, 0.0809555, -0.984304, 0.156818, -0.0127942, 0.156295, 0.987628, 0.288997, 1.09009, 0.0555382)

[node name="Physical Bone spine" parent="Human_Template_Male/metarig/Skeleton3D" index="3"]
transform = Transform3D(0.99888, -7.0346e-14, -4.83169e-13, -8.26624e-12, 0.999999, -2.38419e-07, -1.31536e-10, 2.68221e-07, 0.999999, -1.38519e-08, 1.37348, 0.016659)
joint_offset = Transform3D(1, 0, 0, 0, 1, 0, 0, 0, 1, 1.38673e-08, -0.363581, -0.071859)
body_offset = Transform3D(0.99888, -7.0346e-14, -4.83169e-13, -4.0842e-11, 0.968338, 0.249639, -1.25311e-10, -0.249639, 0.968338, -1.38519e-08, 0.370008, -0.0211803)

[node name="Physical Bone spine005" parent="Human_Template_Male/metarig/Skeleton3D" index="4"]
transform = Transform3D(0.258819, -0.967041, -1.77451e-07, 0.965922, 0.258819, 1.49012e-08, -7.51684e-07, -2.27548e-07, 0.999999, -1.27999e-08, 1.8518, 0.0674139)
joint_offset = Transform3D(1, 0, 0, 0, 1, 0, 0, 0, 1, -0.127605, -0.0341521, -0.0544141)
body_offset = Transform3D(0.258819, -0.967041, -1.77451e-07, 0.948957, 0.254273, 0.186599, -0.180241, -0.0482956, 0.982435, -1.27999e-08, 0.139929, 0.0288094)

[node name="Physical Bone shoulderL" parent="Human_Template_Male/metarig/Skeleton3D" index="5"]
transform = Transform3D(0.989352, -0.145442, -2.62639e-07, 0.145461, 0.990359, -2.29702e-07, -4.72842e-05, 1.43922e-05, 0.999878, 0.223834, 1.5023, -0.000209079)
joint_offset = Transform3D(1, 0, 0, 0, 1, 0, 0, 0, 1, -0.188344, 0.131981, 0.0686067)
body_offset = Transform3D(0.501644, -0.0738134, 0.861785, 0.852654, -0.125927, -0.507033, 0.145985, 0.990282, -0.000226048, 0.0450995, 0.211998, -0.103188)

[node name="Physical Bone forearmL" parent="Human_Template_Male/metarig/Skeleton3D" index="6"]
transform = Transform3D(1.00001, 2.9068e-07, 3.54227e-07, 5.47431e-06, -0.196544, 0.980493, 2.79547e-06, -0.98049, -0.196544, 0.267324, 1.22899, 0.0253021)
joint_offset = Transform3D(1, 0, 0, 0, 1, 0, 0, 0, 1, 0.00618039, 0.00106562, 0.140955)
body_offset = Transform3D(-0.996992, 0.0546268, -0.0552383, 0.0546523, -0.0120883, -0.99843, -0.0552063, -0.998429, 0.00906679, 0.0138897, 0.140409, 0.000127137)

[node name="Physical Bone handL" parent="Human_Template_Male/metarig/Skeleton3D" index="7"]
transform = Transform3D(1.00001, -2.26264e-05, 8.33142e-05, -3.1939e-05, 0.167404, -0.985874, 9.77098e-06, 0.985882, 0.167404, 0.262923, 0.971719, 0.0668529)
joint_offset = Transform3D(1, 0, 0, 0, 1, 0, 0, 0, 1, 0.026084, 0.00867438, -0.118676)
body_offset = Transform3D(-0.996648, 0.000961282, -0.0820368, -0.081928, -0.0106866, 0.996558, 6.41977e-05, 0.999936, 0.0107305, 0.0162525, 0.120497, -0.00740205)

[node name="Physical Bone shoulderR" parent="Human_Template_Male/metarig/Skeleton3D" index="8"]
transform = Transform3D(0.999556, -1.5425e-08, 1.85211e-07, 1.39698e-09, 0.999711, -2.70273e-07, 7.09459e-07, -3.3615e-09, 0.999998, -0.20422, 1.59175, 0.00612268)
joint_offset = Transform3D(1, 0, 0, 0, 1, 0, 0, 0, 1, 0.186003, 0.0138609, 0.0622773)
body_offset = Transform3D(0.506869, 7.35741e-05, -0.861889, -0.861508, -0.000570413, -0.507094, -0.00052889, 0.999711, -0.000226142, -0.040604, 0.191831, -0.0137445)

[node name="Physical Bone upper_armR" parent="Human_Template_Male/metarig/Skeleton3D" index="9"]
transform = Transform3D(-0.973711, -0.0769034, 0.214068, 0.217354, -0.0371857, 0.975342, -0.0670516, 0.996277, 0.0529348, -0.246034, 1.48341, 0.00332837)
joint_offset = Transform3D(1, 0, 0, 0, 1, 0, 0, 0, 1, 0.00189483, -0.000298569, 0.136061)
body_offset = Transform3D(0.999926, -1.02222e-05, 1.63352e-05, 1.08085e-05, -4.08627e-05, -0.999959, 7.43568e-06, 0.999932, -3.41348e-05, -0.00189692, 0.136055, 0.000303179)

[node name="Physical Bone forearmR" parent="Human_Template_Male/metarig/Skeleton3D" index="10"]
transform = Transform3D(-0.996979, 0.0552029, 0.0546436, 0.0648801, 0.204986, 0.976601, 0.0427115, 0.977202, -0.207949, -0.281265, 1.21732, 0.0261151)
joint_offset = Transform3D(1, 0, 0, 0, 1, 0, 0, 0, 1, 0.000710103, 0.00222195, 0.152746)
body_offset = Transform3D(1, -1.6056e-06, 1.99014e-05, 1.83275e-05, 0.000141904, -0.999989, 2.75299e-06, 0.999995, 0.000140697, -0.00071314, 0.152744, -0.00224343)

[node name="Physical Bone handR" parent="Human_Template_Male/metarig/Skeleton3D" index="11"]
transform = Transform3D(0.980335, 0.196701, -0.0155006, 0.107864, -0.468471, 0.87685, 0.165218, -0.861301, -0.480477, -0.288485, 1.05838, 0.0671871)
joint_offset = Transform3D(1, 0, 0, 0, 1, 0, 0, 0, 1, 0.0010024, -0.0049613, 0.0334826)
body_offset = Transform3D(-0.983655, -0.169133, -0.0616845, 1.30385e-08, 0.342623, -0.939453, 0.18003, -0.924121, -0.337026, 0.00221226, 0.0331552, 0.00651921)

[node name="Physical Bone thighL" parent="Human_Template_Male/metarig/Skeleton3D" index="12"]
transform = Transform3D(0.995057, 0.000739909, -0.099301, 0.0992972, 0.00395898, 0.99505, 0.00113276, -0.998876, 0.00386353, 0.122401, 0.827297, 0.0158376)
joint_offset = Transform3D(1, 0, 0, 0, 1, 0, 0, 0, 1, 0.000184754, 2.14254e-05, 0.247577)
body_offset = Transform3D(1, -3.81959e-07, -2.80409e-07, -1.6095e-07, -4.50294e-06, -1, -1.7368e-06, 0.998883, 2.24472e-06, -0.000184685, 0.247577, -2.19569e-05)

[node name="Physical Bone shinL" parent="Human_Template_Male/metarig/Skeleton3D" index="13"]
transform = Transform3D(0.997615, 0.000158673, -0.0692143, 0.0691427, 0.0389672, 0.996996, 0.00285288, -1.00051, 0.0388254, 0.16413, 0.335511, 0.0051793)
joint_offset = Transform3D(1, 0, 0, 0, 1, 0, 0, 0, 1, -2.62279e-05, 1.21679e-06, 0.249691)
body_offset = Transform3D(1.00001, -2.05357e-06, -2.31859e-06, 1.10322e-06, 3.41237e-06, -1.00015, 3.13157e-07, 1.00127, -2.51085e-06, 2.68072e-05, 0.249728, -5.9139e-07)

[node name="Physical Bone footL" parent="Human_Template_Male/metarig/Skeleton3D" index="14"]
transform = Transform3D(1, -1.47432e-07, -1.64498e-07, 2.03207e-07, 0.236581, 0.971625, -1.04821e-07, -0.971629, 0.236579, 0.181786, 0.0298045, 0.106177)
joint_offset = Transform3D(1, 0, 0, 0, 1, 0, 0, 0, 1, -0.000406907, 0.120991, 0.0290356)
body_offset = Transform3D(1, 4.83746e-09, 8.4063e-09, 1.05286e-08, -0.972472, -0.233091, -2.84217e-13, 0.233091, -0.972468, 0.000406906, 0.124428, 3.42876e-05)

[node name="Physical Bone thighR" parent="Human_Template_Male/metarig/Skeleton3D" index="15"]
transform = Transform3D(0.995057, -0.000741563, 0.0993007, -0.099297, 0.00395888, 0.99505, -0.00113016, -0.998876, 0.00387045, -0.12241, 0.829044, 0.0158226)
joint_offset = Transform3D(1, 0, 0, 0, 1, 0, 0, 0, 1, -2.37146e-06, 1.19658e-06, 0.24584)
body_offset = Transform3D(1, -1.25461e-06, 6.94608e-08, 3.36627e-08, -4.24474e-06, -1, -8.59145e-07, 0.998883, -4.67245e-06, 2.35438e-06, 0.24584, -4.65661e-08)

[node name="Physical Bone shinR" parent="Human_Template_Male/metarig/Skeleton3D" index="16"]
transform = Transform3D(0.997615, -0.00015809, 0.0692039, -0.0691447, 0.0390225, 0.996951, -0.00285331, -1.00183, 0.0388241, -0.164105, 0.335539, 0.00517764)
joint_offset = Transform3D(1, 0, 0, 0, 1, 0, 0, 0, 1, 4.97537e-06, -1.399e-06, 0.249672)
body_offset = Transform3D(1.00001, 2.57092e-06, -4.88776e-06, 8.70728e-07, -6.10948e-07, -1.0001, 3.79514e-08, 1.00259, -2.98768e-06, -3.75509e-06, 0.249698, 2.14856e-06)

[node name="Physical Bone footR" parent="Human_Template_Male/metarig/Skeleton3D" index="17"]
transform = Transform3D(1, -1.32522e-07, 1.78138e-07, -2.03207e-07, -0.889708, 0.456532, 1.04821e-07, -0.456532, -0.889709, -0.181659, 0.0581522, 0.0510091)
joint_offset = Transform3D(1, 0, 0, 0, 1, 0, 0, 0, 1, 0.000279233, 1.08963e-06, 0.0624035)
joint_rotation = Vector3(0, 0, 0)
body_offset = Transform3D(1, 1.25809e-10, -1.02367e-08, -1.05292e-08, -1.49012e-07, -1, 5.68434e-14, 1, -1.49012e-07, -0.000279233, 0.0624036, -1.08033e-06)

[node name="ProjectilePlacement" parent="Human_Template_Male" index="2"]
transform = Transform3D(1, 6.1795e-08, 7.38393e-09, -6.17951e-08, 0.971846, 0.235617, 7.38393e-09, -0.235617, 0.971846, -0.608473, 1.25401, 0.260283)

[node name="MeshInstance3D" parent="Human_Template_Male" index="3"]
mesh = SubResource("CapsuleMesh_88lh1")

[node name="AnimationTree" parent="." index="2"]
parameters/Movement/playback = SubResource("AnimationNodeStateMachinePlayback_w3fvr")
"parameters/TimeScale 2/scale" = 1.0

[editable path="Human_Template_Male"]
