[gd_scene load_steps=9 format=3 uid="uid://cw8obhhnbl33s"]

[ext_resource type="PackedScene" uid="uid://dklaxvd7swq26" path="res://Characters/Character.tscn" id="1_gltfd"]
[ext_resource type="Script" path="res://Characters/Floral/florist.gd" id="2_0kib0"]
[ext_resource type="Script" path="res://Characters/Resources/character_data.gd" id="3_qrku6"]
[ext_resource type="PackedScene" uid="uid://cwxvknjlk6sb2" path="res://Projectile/Vase/vase.tscn" id="4_5leaf"]

[sub_resource type="Resource" id="Resource_fwo35"]
resource_local_to_scene = true
script = ExtResource("3_qrku6")
Team = "Floral"
max_health = 100
single_fire = true
base_damage = 10
special_damage = 0
projectile_damage = 15
projectile_speed = 15.0
max_ammo = 15
move_speed = 6.0
acceleration = 0.3
gravity = 30.0
dodge_force = 15.0
punch_force = 8.0

[sub_resource type="StandardMaterial3D" id="StandardMaterial3D_mkd0e"]
albedo_color = Color(0.921569, 0, 0.858824, 1)

[sub_resource type="CapsuleMesh" id="CapsuleMesh_88lh1"]
material = SubResource("StandardMaterial3D_mkd0e")
radius = 0.201
height = 0.654

[sub_resource type="AnimationNodeStateMachinePlayback" id="AnimationNodeStateMachinePlayback_w3fvr"]

[node name="Florist" instance=ExtResource("1_gltfd")]
script = ExtResource("2_0kib0")
character_stats = SubResource("Resource_fwo35")
projectile = ExtResource("4_5leaf")

[node name="Skeleton3D" parent="Human_Template_Male/metarig" index="0"]
bones/6/rotation = Quaternion(-0.0816738, -0.00380914, -0.0102625, 0.996599)
bones/8/position = Vector3(0.0183, 0.140663, 0.0783493)
bones/31/position = Vector3(-0.0183, 0.140663, 0.0783493)

[node name="RightHookBone" parent="Human_Template_Male/metarig/Skeleton3D" index="1"]
transform = Transform3D(-0.996636, 0.0819602, -5.96941e-05, -0.0809554, -0.984304, 0.156818, 0.0127941, 0.156295, 0.987628, -0.288997, 1.09311, 0.0555382)

[node name="LeftHookBone" parent="Human_Template_Male/metarig/Skeleton3D" index="2"]
transform = Transform3D(-0.996636, -0.0819603, 5.95488e-05, 0.0809555, -0.984304, 0.156818, -0.0127942, 0.156295, 0.987628, 0.288997, 1.09311, 0.0555382)

[node name="Physical Bone spine" parent="Human_Template_Male/metarig/Skeleton3D" index="3"]
transform = Transform3D(0.998685, -7.0346e-14, -4.83169e-13, -1.08045e-11, 0.999999, -2.38419e-07, -1.55779e-10, 2.68221e-07, 0.999999, -1.38517e-08, 1.37348, 0.0166595)
joint_offset = Transform3D(1, 0, 0, 0, 1, 0, 0, 0, 1, 1.38699e-08, -0.363581, -0.0718595)
body_offset = Transform3D(0.998685, -7.0346e-14, -4.83169e-13, -4.93543e-11, 0.968338, 0.249639, -1.48162e-10, -0.249639, 0.968338, -1.38517e-08, 0.370008, -0.0211798)

[node name="Physical Bone spine005" parent="Human_Template_Male/metarig/Skeleton3D" index="4"]
transform = Transform3D(0.258819, -0.967237, -1.77545e-07, 0.965922, 0.258819, 1.49012e-08, -7.51684e-07, -2.27599e-07, 0.999999, -1.28116e-08, 1.8518, 0.0674139)
joint_offset = Transform3D(1, 0, 0, 0, 1, 0, 0, 0, 1, -0.127606, -0.0341456, -0.0544142)
body_offset = Transform3D(0.258819, -0.967237, -1.77545e-07, 0.948957, 0.254273, 0.186599, -0.180241, -0.0482956, 0.982435, -1.28116e-08, 0.139929, 0.0288094)

[node name="Physical Bone shoulderL" parent="Human_Template_Male/metarig/Skeleton3D" index="5"]
transform = Transform3D(0.989352, -0.145445, -2.62664e-07, 0.145461, 0.990555, -2.7653e-07, -4.72842e-05, 1.78646e-05, 0.999878, 0.223851, 1.5052, -0.000251309)
joint_offset = Transform3D(1, 0, 0, 0, 1, 0, 0, 0, 1, -0.188416, 0.131606, 0.0686485)
body_offset = Transform3D(0.501644, -0.0738119, 0.861785, 0.852654, -0.125932, -0.507033, 0.145985, 0.990478, -0.000226095, 0.0450717, 0.212034, -0.102832)

[node name="Physical Bone forearmL" parent="Human_Template_Male/metarig/Skeleton3D" index="6"]
transform = Transform3D(1.00001, 1.6402e-07, 5.40958e-07, 5.65313e-06, -0.196544, 0.980506, 3.4474e-06, -0.98049, -0.196546, 0.267324, 1.23175, 0.0252136)
joint_offset = Transform3D(1, 0, 0, 0, 1, 0, 0, 0, 1, 0.00618036, 0.0010207, 0.140727)
body_offset = Transform3D(-0.996992, 0.0546269, -0.0552392, 0.0546522, -0.0120883, -0.998443, -0.0552056, -0.998429, 0.00906685, 0.0138797, 0.140182, 8.43406e-05)

[node name="Physical Bone handL" parent="Human_Template_Male/metarig/Skeleton3D" index="7"]
transform = Transform3D(1.00001, -2.68852e-05, 8.35824e-05, -3.49727e-05, 0.167404, -0.985874, 1.02455e-05, 0.985882, 0.167404, 0.262923, 0.974405, 0.0668137)
joint_offset = Transform3D(1, 0, 0, 0, 1, 0, 0, 0, 1, 0.026084, 0.0086894, -0.11853)
body_offset = Transform3D(-0.996648, 0.000965527, -0.082037, -0.081925, -0.0106863, 0.996558, 6.41897e-05, 0.999936, 0.0107305, 0.0162643, 0.120352, -0.00741863)

[node name="Physical Bone shoulderR" parent="Human_Template_Male/metarig/Skeleton3D" index="8"]
transform = Transform3D(0.999556, -1.67056e-08, 1.85236e-07, 1.28057e-09, 0.999711, -3.17072e-07, 7.09459e-07, -3.59433e-09, 0.999998, -0.204215, 1.5943, 0.00611945)
joint_offset = Transform3D(1, 0, 0, 0, 1, 0, 0, 0, 1, 0.185998, 0.0138609, 0.0622806)
body_offset = Transform3D(0.506869, 7.35736e-05, -0.861889, -0.861508, -0.000570411, -0.507094, -0.00052889, 0.999711, -0.000226189, -0.0405987, 0.191829, -0.0137445)

[node name="Physical Bone upper_armR" parent="Human_Template_Male/metarig/Skeleton3D" index="9"]
transform = Transform3D(-0.973711, -0.0768995, 0.214063, 0.217354, -0.0371823, 0.975325, -0.0670516, 0.99626, 0.0529338, -0.246054, 1.48592, 0.00332833)
joint_offset = Transform3D(1, 0, 0, 0, 1, 0, 0, 0, 1, 0.00188159, -0.000301184, 0.136096)
body_offset = Transform3D(0.999926, -1.21295e-05, 1.77275e-05, 1.09859e-05, -4.40255e-05, -0.999942, 7.47293e-06, 0.999915, -3.41125e-05, -0.00188386, 0.136088, 0.000305787)

[node name="Physical Bone forearmR" parent="Human_Template_Male/metarig/Skeleton3D" index="10"]
transform = Transform3D(-0.996979, 0.0552028, 0.0546434, 0.0648797, 0.204986, 0.976601, 0.0427115, 0.977202, -0.207948, -0.281265, 1.22006, 0.0261156)
joint_offset = Transform3D(1, 0, 0, 0, 1, 0, 0, 0, 1, 0.00069752, 0.00218152, 0.152556)
body_offset = Transform3D(1, -1.51247e-06, 2.0165e-05, 1.86563e-05, 0.000142097, -0.999989, 2.64123e-06, 0.999995, 0.000141352, -0.000700593, 0.152554, -0.00220308)

[node name="Physical Bone handR" parent="Human_Template_Male/metarig/Skeleton3D" index="11"]
transform = Transform3D(0.980335, 0.196701, -0.0154985, 0.107864, -0.468471, 0.876835, 0.165218, -0.861301, -0.480475, -0.288485, 1.06092, 0.0671871)
joint_offset = Transform3D(1, 0, 0, 0, 1, 0, 0, 0, 1, 0.00100235, -0.0049614, 0.033483)
body_offset = Transform3D(-0.983655, -0.169133, -0.0616853, -3.72529e-09, 0.342623, -0.939438, 0.18003, -0.924121, -0.337026, 0.00221224, 0.0331551, 0.00651926)

[node name="Physical Bone thighL" parent="Human_Template_Male/metarig/Skeleton3D" index="12"]
transform = Transform3D(0.995057, 0.000739583, -0.099301, 0.0992972, 0.00395898, 0.99505, 0.00113276, -0.998681, 0.00386354, 0.122403, 0.827281, 0.0158376)
joint_offset = Transform3D(1, 0, 0, 0, 1, 0, 0, 0, 1, 0.000184486, 2.14919e-05, 0.247593)
body_offset = Transform3D(1, -4.85103e-07, -2.80405e-07, -1.60957e-07, -5.29061e-06, -1, -1.73878e-06, 0.998688, 2.24146e-06, -0.000184417, 0.247593, -2.20183e-05)

[node name="Physical Bone shinL" parent="Human_Template_Male/metarig/Skeleton3D" index="13"]
transform = Transform3D(0.997615, 0.000158676, -0.0692143, 0.0691426, 0.0389673, 0.996996, 0.00285288, -1.00051, 0.0388254, 0.16413, 0.335511, 0.00517928)
joint_offset = Transform3D(1, 0, 0, 0, 1, 0, 0, 0, 1, -2.6228e-05, 1.20654e-06, 0.249691)
body_offset = Transform3D(1.00001, -2.05031e-06, -2.31847e-06, 1.23744e-06, 3.41237e-06, -1.00015, 3.10829e-07, 1.00127, -2.55182e-06, 2.68072e-05, 0.249728, -5.70901e-07)

[node name="Physical Bone footL" parent="Human_Template_Male/metarig/Skeleton3D" index="14"]
transform = Transform3D(1, -1.47444e-07, -1.64535e-07, 2.03207e-07, 0.236582, 0.971627, -1.04821e-07, -0.971631, 0.23658, 0.181786, 0.0298045, 0.106177)
joint_offset = Transform3D(1, 0, 0, 0, 1, 0, 0, 0, 1, -0.000406907, 0.120991, 0.0290355)
body_offset = Transform3D(1, 4.82615e-09, 8.37007e-09, 1.05286e-08, -0.972474, -0.233091, -2.84217e-13, 0.233091, -0.97247, 0.000406906, 0.124428, 3.43025e-05)

[node name="Physical Bone thighR" parent="Human_Template_Male/metarig/Skeleton3D" index="15"]
transform = Transform3D(0.995057, -0.000741563, 0.0993007, -0.099297, 0.00395885, 0.99505, -0.00113016, -0.998681, 0.00387121, -0.12241, 0.829044, 0.0158226)
joint_offset = Transform3D(1, 0, 0, 0, 1, 0, 0, 0, 1, -2.37125e-06, 1.38743e-06, 0.24584)
body_offset = Transform3D(1, -1.47277e-06, 6.85977e-08, 3.3669e-08, -4.97163e-06, -1, -8.57515e-07, 0.998688, -5.43543e-06, 2.35438e-06, 0.24584, -4.93601e-08)

[node name="Physical Bone shinR" parent="Human_Template_Male/metarig/Skeleton3D" index="16"]
transform = Transform3D(0.997615, -0.000157739, 0.0692039, -0.0691448, 0.039041, 0.996951, -0.00285332, -1.0023, 0.038824, -0.164105, 0.335538, 0.00517668)
joint_offset = Transform3D(1, 0, 0, 0, 1, 0, 0, 0, 1, 5.02003e-06, -2.34259e-06, 0.249673)
body_offset = Transform3D(1.00001, 2.97884e-06, -4.88754e-06, 9.97796e-07, -8.79169e-07, -1.0001, 4.35393e-08, 1.00306, -2.90945e-06, -3.7998e-06, 0.249699, 3.07616e-06)

[node name="Physical Bone footR" parent="Human_Template_Male/metarig/Skeleton3D" index="17"]
transform = Transform3D(1, -1.32522e-07, 1.78138e-07, -2.03207e-07, -0.889708, 0.456532, 1.04821e-07, -0.456532, -0.889708, -0.181708, 0.0581523, 0.0510097)
joint_offset = Transform3D(1, 0, 0, 0, 1, 0, 0, 0, 1, 0.000328273, 1.4603e-06, 0.0624039)
joint_rotation = Vector3(0, 0, 0)
body_offset = Transform3D(1, 1.26001e-10, -1.02364e-08, -1.05295e-08, -1.19209e-07, -1, 1.84741e-13, 1, -1.19209e-07, -0.000328273, 0.062404, -1.45286e-06)

[node name="ProjectilePlacement" parent="Human_Template_Male" index="2"]
transform = Transform3D(1, 6.1795e-08, 7.38393e-09, -6.17951e-08, 0.971846, 0.235617, 7.38393e-09, -0.235617, 0.971846, -0.608473, 1.25401, 0.260283)

[node name="MeshInstance3D" parent="Human_Template_Male" index="3"]
mesh = SubResource("CapsuleMesh_88lh1")

[node name="AnimationTree" parent="." index="2"]
parameters/Movement/playback = SubResource("AnimationNodeStateMachinePlayback_w3fvr")
"parameters/TimeScale 2/scale" = 1.0

[editable path="Human_Template_Male"]
