[gd_scene load_steps=7 format=3 uid="uid://cw8obhhnbl33s"]

[ext_resource type="PackedScene" uid="uid://dklaxvd7swq26" path="res://Characters/Character.tscn" id="1_gltfd"]
[ext_resource type="Script" path="res://Characters/Floral/florist.gd" id="2_0kib0"]
[ext_resource type="Script" path="res://Characters/Resources/character_data.gd" id="3_qrku6"]
[ext_resource type="PackedScene" uid="uid://cwxvknjlk6sb2" path="res://Projectile/Vase/vase.tscn" id="4_5leaf"]

[sub_resource type="Resource" id="Resource_fwo35"]
script = ExtResource("3_qrku6")
Team = "FLORAL"
max_health = 100
single_fire = true
base_damage = 10
special_damage = 0
projectile_speed = 15.0
projectile_damage = 15
max_ammo = 10
move_speed = 10.0
acceleration = 0.06
gravity = 30.0

[sub_resource type="AnimationNodeStateMachinePlayback" id="AnimationNodeStateMachinePlayback_w3fvr"]

[node name="Florist" instance=ExtResource("1_gltfd")]
script = ExtResource("2_0kib0")
character_stats = SubResource("Resource_fwo35")
projectile = ExtResource("4_5leaf")

[node name="Skeleton3D" parent="Human_Template_Male/metarig" index="0"]
bones/6/rotation = Quaternion(-0.06929, -0.00771942, -0.0207975, 0.99735)
bones/8/position = Vector3(0.0183, 0.144153, 0.078449)
bones/31/position = Vector3(-0.0183, 0.144153, 0.078449)

[node name="RightHookBone" parent="Human_Template_Male/metarig/Skeleton3D" index="1"]
transform = Transform3D(-0.996636, 0.0819602, -5.96941e-05, -0.0809554, -0.984304, 0.156818, 0.0127941, 0.156295, 0.987628, -0.288997, 1.0966, 0.0555382)

[node name="LeftHookBone" parent="Human_Template_Male/metarig/Skeleton3D" index="2"]
transform = Transform3D(-0.996636, -0.0819603, 5.95488e-05, 0.0809555, -0.984304, 0.156818, -0.0127942, 0.156295, 0.987628, 0.288997, 1.0966, 0.0555382)

[node name="Physical Bone spine" parent="Human_Template_Male/metarig/Skeleton3D" index="3"]
transform = Transform3D(0.999292, -7.0346e-14, -4.83169e-13, -5.50855e-12, 0.999999, -2.38419e-07, -7.51186e-11, 2.68221e-07, 0.999999, -1.38506e-08, 1.37348, 0.0166585)
joint_offset = Transform3D(1, 0, 0, 0, 1, 0, 0, 0, 1, 1.38603e-08, -0.363581, -0.0718585)
body_offset = Transform3D(0.999292, -7.0346e-14, -4.83169e-13, -2.40945e-11, 0.968338, 0.249639, -7.13953e-11, -0.249639, 0.968338, -1.38506e-08, 0.370008, -0.0211808)

[node name="Physical Bone spine005" parent="Human_Template_Male/metarig/Skeleton3D" index="4"]
transform = Transform3D(0.258819, -0.966629, -1.77255e-07, 0.965922, 0.258819, 1.49012e-08, -7.51684e-07, -2.2744e-07, 0.999999, -1.27754e-08, 1.8518, 0.067414)
joint_offset = Transform3D(1, 0, 0, 0, 1, 0, 0, 0, 1, -0.127601, -0.0341657, -0.0544142)
body_offset = Transform3D(0.258819, -0.966629, -1.77255e-07, 0.948957, 0.254273, 0.186599, -0.180241, -0.0482956, 0.982435, -1.27754e-08, 0.139929, 0.0288095)

[node name="Physical Bone shoulderL" parent="Human_Template_Male/metarig/Skeleton3D" index="5"]
transform = Transform3D(0.989352, -0.145435, -2.62586e-07, 0.145461, 0.989947, -1.29337e-07, -4.72842e-05, 7.69786e-06, 0.999878, 0.223767, 1.50831, -0.000131265)
joint_offset = Transform3D(1, 0, 0, 0, 1, 0, 0, 0, 1, -0.188233, 0.132282, 0.0685298)
body_offset = Transform3D(0.501644, -0.0738155, 0.861785, 0.852654, -0.125918, -0.507033, 0.145985, 0.98987, -0.000225948, 0.0451323, 0.211901, -0.103447)

[node name="Physical Bone forearmL" parent="Human_Template_Male/metarig/Skeleton3D" index="6"]
transform = Transform3D(1.00001, 7.4613e-08, 4.48116e-07, 4.57652e-06, -0.196544, 0.980492, 2.19197e-06, -0.98049, -0.196544, 0.267324, 1.23482, 0.0254868)
joint_offset = Transform3D(1, 0, 0, 0, 1, 0, 0, 0, 1, 0.00618044, 0.00115818, 0.141433)
body_offset = Transform3D(-0.996992, 0.054627, -0.0552383, 0.054653, -0.0120884, -0.998429, -0.0552071, -0.998429, 0.00906651, 0.0139111, 0.140887, 0.000215262)

[node name="Physical Bone handL" parent="Human_Template_Male/metarig/Skeleton3D" index="7"]
transform = Transform3D(1.00001, -1.3905e-05, 4.27384e-05, -2.81661e-05, 0.167404, -0.985879, 8.85497e-06, 0.985882, 0.167405, 0.262923, 0.977697, 0.0669377)
joint_offset = Transform3D(1, 0, 0, 0, 1, 0, 0, 0, 1, 0.0260791, 0.00864047, -0.118982)
body_offset = Transform3D(-0.996647, 0.00095259, -0.0819967, -0.0819318, -0.0106873, 0.996565, 6.38841e-05, 0.999936, 0.0107307, 0.0162273, 0.120803, -0.00736482)

[node name="Physical Bone shoulderR" parent="Human_Template_Male/metarig/Skeleton3D" index="8"]
transform = Transform3D(0.999556, -1.21072e-08, 1.85158e-07, 9.31323e-10, 0.999711, -1.69792e-07, 7.09459e-07, -3.0268e-09, 0.999998, -0.204229, 1.59803, 0.00613053)
joint_offset = Transform3D(1, 0, 0, 0, 1, 0, 0, 0, 1, 0.186012, 0.0138608, 0.0622695)
body_offset = Transform3D(0.506869, 7.35755e-05, -0.861889, -0.861508, -0.000570416, -0.507094, -0.00052889, 0.999711, -0.000226042, -0.0406153, 0.191835, -0.0137444)

[node name="Physical Bone upper_armR" parent="Human_Template_Male/metarig/Skeleton3D" index="9"]
transform = Transform3D(-0.973725, -0.0769075, 0.214069, 0.217357, -0.0371883, 0.975344, -0.0670543, 0.996294, 0.052935, -0.245988, 1.4898, 0.00332861)
joint_offset = Transform3D(1, 0, 0, 0, 1, 0, 0, 0, 1, 0.00191623, -0.000291086, 0.135943)
body_offset = Transform3D(0.99994, -7.96467e-06, 1.53265e-05, 1.11177e-05, -3.82513e-05, -0.999962, 5.64009e-06, 0.999949, -3.41982e-05, -0.0019182, 0.135937, 0.00029571)

[node name="Physical Bone forearmR" parent="Human_Template_Male/metarig/Skeleton3D" index="10"]
transform = Transform3D(-0.996979, 0.0552037, 0.0546436, 0.0648806, 0.204986, 0.976601, 0.0427116, 0.977202, -0.207949, -0.281265, 1.22318, 0.0261151)
joint_offset = Transform3D(1, 0, 0, 0, 1, 0, 0, 0, 1, 0.000737039, 0.00230699, 0.153151)
body_offset = Transform3D(1, -2.46614e-06, 1.98986e-05, 1.77799e-05, 0.000142008, -0.999989, 3.02121e-06, 0.999995, 0.000140637, -0.000740081, 0.153149, -0.00232852)

[node name="Physical Bone handR" parent="Human_Template_Male/metarig/Skeleton3D" index="11"]
transform = Transform3D(0.980335, 0.196701, -0.015501, 0.107864, -0.468471, 0.876854, 0.165218, -0.861301, -0.480478, -0.288485, 1.06465, 0.0671872)
joint_offset = Transform3D(1, 0, 0, 0, 1, 0, 0, 0, 1, 0.00100236, -0.00496105, 0.0334824)
body_offset = Transform3D(-0.983655, -0.169133, -0.0616844, -8.56817e-08, 0.342623, -0.939457, 0.18003, -0.924121, -0.337026, 0.00221224, 0.0331551, 0.00651939)

[node name="Physical Bone thighL" parent="Human_Template_Male/metarig/Skeleton3D" index="12"]
transform = Transform3D(0.995057, 0.000740553, -0.099301, 0.0992971, 0.00395898, 0.99505, 0.0011324, -0.999288, 0.00386353, 0.122401, 0.827297, 0.0158347)
joint_offset = Transform3D(1, 0, 0, 0, 1, 0, 0, 0, 1, 0.000184903, 1.8508e-05, 0.247577)
body_offset = Transform3D(1, -2.06637e-07, -2.80412e-07, -1.37205e-07, -2.84635e-06, -1, -1.37661e-06, 0.999295, 2.24751e-06, -0.000184834, 0.247577, -1.90511e-05)

[node name="Physical Bone shinL" parent="Human_Template_Male/metarig/Skeleton3D" index="13"]
transform = Transform3D(0.997615, 0.000158883, -0.0692143, 0.0691428, 0.0389612, 0.996996, 0.00285291, -1.00035, 0.0388253, 0.16413, 0.335511, 0.00517932)
joint_offset = Transform3D(1, 0, 0, 0, 1, 0, 0, 0, 1, -2.62279e-05, 1.22537e-06, 0.249691)
body_offset = Transform3D(1.00001, -1.81142e-06, -2.31872e-06, 1.02018e-06, 3.32296e-06, -1.00015, 2.88477e-07, 1.00111, -2.46614e-06, 2.68072e-05, 0.249728, -6.10948e-07)

[node name="Physical Bone footL" parent="Human_Template_Male/metarig/Skeleton3D" index="14"]
transform = Transform3D(1, -1.47278e-07, -1.64498e-07, 2.03207e-07, 0.236581, 0.971624, -1.04821e-07, -0.971628, 0.236579, 0.181786, 0.0298046, 0.106177)
joint_offset = Transform3D(1, 0, 0, 0, 1, 0, 0, 0, 1, -0.000406907, 0.120991, 0.0290356)
body_offset = Transform3D(1, 4.99219e-09, 8.40633e-09, 1.05286e-08, -0.972471, -0.233091, -2.84217e-13, 0.233091, -0.972467, 0.000406906, 0.124428, 3.42876e-05)

[node name="Physical Bone thighR" parent="Human_Template_Male/metarig/Skeleton3D" index="15"]
transform = Transform3D(0.995057, -0.000741563, 0.0993008, -0.099297, 0.00395888, 0.99505, -0.00113016, -0.999288, 0.00386884, -0.12241, 0.829044, 0.0158226)
joint_offset = Transform3D(1, 0, 0, 0, 1, 0, 0, 0, 1, -2.3774e-06, 8.07319e-07, 0.24584)
body_offset = Transform3D(1, -7.88597e-07, 9.36302e-08, 2.62066e-08, -2.65241e-06, -1, -8.60542e-07, 0.999295, -3.06568e-06, 2.35438e-06, 0.24584, -5.30854e-08)

[node name="Physical Bone shinR" parent="Human_Template_Male/metarig/Skeleton3D" index="16"]
transform = Transform3D(0.997615, -0.000158906, 0.0692039, -0.0691446, 0.038984, 0.996951, -0.0028533, -1.00084, 0.0388241, -0.164105, 0.33554, 0.00517767)
joint_offset = Transform3D(1, 0, 0, 0, 1, 0, 0, 0, 1, 5.07972e-06, -1.37809e-06, 0.249672)
body_offset = Transform3D(1.00001, 1.59815e-06, -4.88793e-06, 7.81045e-07, -5.36442e-07, -1.0001, 3.42261e-08, 1.0016, -3.04729e-06, -3.8594e-06, 0.249698, 2.14111e-06)

[node name="Physical Bone footR" parent="Human_Template_Male/metarig/Skeleton3D" index="17"]
transform = Transform3D(1, -1.32522e-07, 1.78117e-07, -2.03207e-07, -0.889707, 0.456531, 1.04821e-07, -0.456532, -0.889708, -0.181556, 0.0581519, 0.0510088)
joint_offset = Transform3D(1, 0, 0, 0, 1, 0, 0, 0, 1, 0.000176222, 7.45047e-07, 0.0624033)
joint_rotation = Vector3(0, 0, 0)
body_offset = Transform3D(1, 1.25624e-10, -1.02574e-08, -1.05291e-08, -1.19209e-07, -1, -1.98952e-13, 1, -1.19209e-07, -0.000176221, 0.0624033, -7.37607e-07)

[node name="ProjectilePlacement" parent="Human_Template_Male" index="2"]
transform = Transform3D(1, 6.1795e-08, 7.38393e-09, -6.17951e-08, 0.971846, 0.235617, 7.38393e-09, -0.235617, 0.971846, -0.608473, 1.25401, 0.260283)

[node name="AnimationTree" parent="." index="2"]
parameters/Movement/playback = SubResource("AnimationNodeStateMachinePlayback_w3fvr")

[editable path="Human_Template_Male"]
