[gd_scene load_steps=36 format=3 uid="uid://dklaxvd7swq26"]

[ext_resource type="Script" path="res://Characters/character.gd" id="1_ldc1x"]
[ext_resource type="PackedScene" uid="uid://bj0xdv1vm70mb" path="res://Characters/Assets/Human_Template_Male.glb" id="2_gxdt7"]

[sub_resource type="CapsuleShape3D" id="CapsuleShape3D_g0x83"]
radius = 0.322154
height = 1.96825

[sub_resource type="BoxShape3D" id="BoxShape3D_v4rvf"]
size = Vector3(0.177606, 0.197967, 0.295379)

[sub_resource type="CapsuleShape3D" id="CapsuleShape3D_qvnks"]
radius = 0.175733
height = 0.728375

[sub_resource type="CapsuleShape3D" id="CapsuleShape3D_xi0xo"]
radius = 0.102729
height = 0.329979

[sub_resource type="CapsuleShape3D" id="CapsuleShape3D_g7s2j"]
radius = 0.0609207
height = 0.284102

[sub_resource type="CapsuleShape3D" id="CapsuleShape3D_an74g"]
radius = 0.0535241
height = 0.283459

[sub_resource type="CapsuleShape3D" id="CapsuleShape3D_n32gs"]
radius = 0.0580498
height = 0.135002

[sub_resource type="CapsuleShape3D" id="CapsuleShape3D_nmnbm"]
radius = 0.0073171
height = 0.073171

[sub_resource type="CapsuleShape3D" id="CapsuleShape3D_qij1h"]
radius = 0.0632204
height = 0.126512

[sub_resource type="CapsuleShape3D" id="CapsuleShape3D_p4kax"]
radius = 0.0255848
height = 0.255848

[sub_resource type="CapsuleShape3D" id="CapsuleShape3D_a1egt"]
radius = 0.0283459
height = 0.283459

[sub_resource type="CapsuleShape3D" id="CapsuleShape3D_gnhr3"]
radius = 0.00486902
height = 0.0486902

[sub_resource type="CapsuleShape3D" id="CapsuleShape3D_72lpj"]
radius = 0.0491651
height = 0.491651

[sub_resource type="CapsuleShape3D" id="CapsuleShape3D_equ7f"]
radius = 0.0499384
height = 0.499384

[sub_resource type="CapsuleShape3D" id="CapsuleShape3D_o605y"]
radius = 0.0124805
height = 0.124805

[sub_resource type="CapsuleShape3D" id="CapsuleShape3D_equlb"]
radius = 0.0491651
height = 0.491651

[sub_resource type="CapsuleShape3D" id="CapsuleShape3D_qwo5r"]
radius = 0.0499384
height = 0.499384

[sub_resource type="CapsuleShape3D" id="CapsuleShape3D_f1c7u"]
radius = 0.0124805
height = 0.124805

[sub_resource type="AnimationNodeAnimation" id="AnimationNodeAnimation_pcb33"]
animation = &"Character_Block"

[sub_resource type="AnimationNodeOneShot" id="AnimationNodeOneShot_fpfb7"]
filters = ["metarig/Skeleton3D:f_index.01.L", "metarig/Skeleton3D:f_index.01.R", "metarig/Skeleton3D:f_index.02.L", "metarig/Skeleton3D:f_index.02.R", "metarig/Skeleton3D:f_index.03.L", "metarig/Skeleton3D:f_index.03.R", "metarig/Skeleton3D:f_middle.01.L", "metarig/Skeleton3D:f_middle.01.R", "metarig/Skeleton3D:f_middle.02.L", "metarig/Skeleton3D:f_middle.02.R", "metarig/Skeleton3D:f_middle.03.L", "metarig/Skeleton3D:f_middle.03.R", "metarig/Skeleton3D:f_pinky.01.L", "metarig/Skeleton3D:f_pinky.01.R", "metarig/Skeleton3D:f_pinky.02.L", "metarig/Skeleton3D:f_pinky.02.R", "metarig/Skeleton3D:f_pinky.03.L", "metarig/Skeleton3D:f_pinky.03.R", "metarig/Skeleton3D:f_ring.01.L", "metarig/Skeleton3D:f_ring.01.R", "metarig/Skeleton3D:f_ring.02.L", "metarig/Skeleton3D:f_ring.02.R", "metarig/Skeleton3D:f_ring.03.L", "metarig/Skeleton3D:f_ring.03.R", "metarig/Skeleton3D:forearm.L", "metarig/Skeleton3D:forearm.R", "metarig/Skeleton3D:hand.L", "metarig/Skeleton3D:hand.R", "metarig/Skeleton3D:palm.01.L", "metarig/Skeleton3D:palm.01.R", "metarig/Skeleton3D:palm.02.L", "metarig/Skeleton3D:palm.02.R", "metarig/Skeleton3D:palm.03.L", "metarig/Skeleton3D:palm.03.R", "metarig/Skeleton3D:palm.04.L", "metarig/Skeleton3D:palm.04.R", "metarig/Skeleton3D:shoulder.L", "metarig/Skeleton3D:shoulder.R", "metarig/Skeleton3D:spine.003", "metarig/Skeleton3D:spine.005", "metarig/Skeleton3D:spine.006", "metarig/Skeleton3D:thumb.01.L", "metarig/Skeleton3D:thumb.01.R", "metarig/Skeleton3D:thumb.02.L", "metarig/Skeleton3D:thumb.02.R", "metarig/Skeleton3D:thumb.03.L", "metarig/Skeleton3D:thumb.03.R", "metarig/Skeleton3D:upper_arm.L", "metarig/Skeleton3D:upper_arm.R"]

[sub_resource type="AnimationNodeAnimation" id="AnimationNodeAnimation_rxeiv"]
animation = &"Character_Backflip"

[sub_resource type="AnimationNodeOneShot" id="AnimationNodeOneShot_l02xk"]

[sub_resource type="AnimationNodeAnimation" id="AnimationNodeAnimation_pv6wb"]
animation = &"Character_Idle"

[sub_resource type="AnimationNodeAnimation" id="AnimationNodeAnimation_om7xx"]
animation = &"Character_Walk"

[sub_resource type="AnimationNodeStateMachineTransition" id="AnimationNodeStateMachineTransition_7mc2q"]
advance_mode = 2

[sub_resource type="AnimationNodeStateMachineTransition" id="AnimationNodeStateMachineTransition_48quk"]
xfade_time = 0.35

[sub_resource type="AnimationNodeStateMachineTransition" id="AnimationNodeStateMachineTransition_lhwnl"]
xfade_time = 0.3

[sub_resource type="AnimationNodeStateMachine" id="AnimationNodeStateMachine_7sutl"]
states/Character_Idle/node = SubResource("AnimationNodeAnimation_pv6wb")
states/Character_Idle/position = Vector2(369, 100)
states/Character_Walk/node = SubResource("AnimationNodeAnimation_om7xx")
states/Character_Walk/position = Vector2(683, 100)
transitions = ["Start", "Character_Idle", SubResource("AnimationNodeStateMachineTransition_7mc2q"), "Character_Idle", "Character_Walk", SubResource("AnimationNodeStateMachineTransition_48quk"), "Character_Walk", "Character_Idle", SubResource("AnimationNodeStateMachineTransition_lhwnl")]
graph_offset = Vector2(-53, -16)

[sub_resource type="AnimationNodeAnimation" id="AnimationNodeAnimation_rgjwp"]
animation = &"Character_Attack"

[sub_resource type="AnimationNodeOneShot" id="AnimationNodeOneShot_jjxqn"]
filters = ["metarig/Skeleton3D:f_index.01.L", "metarig/Skeleton3D:f_index.01.R", "metarig/Skeleton3D:f_index.02.L", "metarig/Skeleton3D:f_index.02.R", "metarig/Skeleton3D:f_index.03.L", "metarig/Skeleton3D:f_index.03.R", "metarig/Skeleton3D:f_middle.01.L", "metarig/Skeleton3D:f_middle.01.R", "metarig/Skeleton3D:f_middle.02.L", "metarig/Skeleton3D:f_middle.02.R", "metarig/Skeleton3D:f_middle.03.L", "metarig/Skeleton3D:f_middle.03.R", "metarig/Skeleton3D:f_pinky.01.L", "metarig/Skeleton3D:f_pinky.01.R", "metarig/Skeleton3D:f_pinky.02.L", "metarig/Skeleton3D:f_pinky.02.R", "metarig/Skeleton3D:f_pinky.03.L", "metarig/Skeleton3D:f_pinky.03.R", "metarig/Skeleton3D:f_ring.01.L", "metarig/Skeleton3D:f_ring.01.R", "metarig/Skeleton3D:f_ring.02.L", "metarig/Skeleton3D:f_ring.02.R", "metarig/Skeleton3D:f_ring.03.L", "metarig/Skeleton3D:f_ring.03.R", "metarig/Skeleton3D:forearm.L", "metarig/Skeleton3D:forearm.R", "metarig/Skeleton3D:hand.L", "metarig/Skeleton3D:hand.R", "metarig/Skeleton3D:palm.01.L", "metarig/Skeleton3D:palm.01.R", "metarig/Skeleton3D:palm.02.L", "metarig/Skeleton3D:palm.02.R", "metarig/Skeleton3D:palm.03.L", "metarig/Skeleton3D:palm.03.R", "metarig/Skeleton3D:palm.04.L", "metarig/Skeleton3D:palm.04.R", "metarig/Skeleton3D:shoulder.L", "metarig/Skeleton3D:shoulder.R", "metarig/Skeleton3D:spine.001", "metarig/Skeleton3D:spine.002", "metarig/Skeleton3D:spine.003", "metarig/Skeleton3D:spine.005", "metarig/Skeleton3D:spine.006", "metarig/Skeleton3D:thumb.01.L", "metarig/Skeleton3D:thumb.01.R", "metarig/Skeleton3D:thumb.02.L", "metarig/Skeleton3D:thumb.02.R", "metarig/Skeleton3D:thumb.03.L", "metarig/Skeleton3D:thumb.03.R", "metarig/Skeleton3D:upper_arm.L", "metarig/Skeleton3D:upper_arm.R"]

[sub_resource type="AnimationNodeTimeScale" id="AnimationNodeTimeScale_nrhbv"]

[sub_resource type="AnimationNodeBlendTree" id="AnimationNodeBlendTree_t0tf6"]
nodes/Block/node = SubResource("AnimationNodeAnimation_pcb33")
nodes/Block/position = Vector2(-760, 440)
nodes/BlockShot/node = SubResource("AnimationNodeOneShot_fpfb7")
nodes/BlockShot/position = Vector2(-560, 320)
nodes/Jump/node = SubResource("AnimationNodeAnimation_rxeiv")
nodes/Jump/position = Vector2(-40, 440)
nodes/JumpShot/node = SubResource("AnimationNodeOneShot_l02xk")
nodes/JumpShot/position = Vector2(160, 320)
nodes/Movement/node = SubResource("AnimationNodeStateMachine_7sutl")
nodes/Movement/position = Vector2(-960, 160)
nodes/Punch/node = SubResource("AnimationNodeAnimation_rgjwp")
nodes/Punch/position = Vector2(-400, 440)
nodes/PunchShot/node = SubResource("AnimationNodeOneShot_jjxqn")
nodes/PunchShot/position = Vector2(-200, 320)
nodes/TimeScale/node = SubResource("AnimationNodeTimeScale_nrhbv")
nodes/TimeScale/position = Vector2(-740, 160)
node_connections = [&"output", 0, &"JumpShot", &"BlockShot", 0, &"TimeScale", &"BlockShot", 1, &"Block", &"JumpShot", 0, &"PunchShot", &"JumpShot", 1, &"Jump", &"PunchShot", 0, &"BlockShot", &"PunchShot", 1, &"Punch", &"TimeScale", 0, &"Movement"]

[sub_resource type="AnimationNodeStateMachinePlayback" id="AnimationNodeStateMachinePlayback_dh8qm"]

[node name="Character" type="CharacterBody3D"]
collision_layer = 2
collision_mask = 3
script = ExtResource("1_ldc1x")

[node name="CollisionShape3D" type="CollisionShape3D" parent="."]
transform = Transform3D(1, 0, 0, 0, 1, 0, 0, 0, 1, 0, 0.986465, 0)
shape = SubResource("CapsuleShape3D_g0x83")

[node name="Human_Template_Male" parent="." instance=ExtResource("2_gxdt7")]
transform = Transform3D(-1, 0, -2.62269e-07, 0, 1, 0, 2.62269e-07, 0, -1, 0, 0, 0)

[node name="metarig" parent="Human_Template_Male" index="0"]
transform = Transform3D(1, 0, 0, 0, 1, 0, 0, 0, 1, 0, 0, -0.06562)

[node name="Skeleton3D" parent="Human_Template_Male/metarig" index="0"]
bones/6/rotation = Quaternion(-0.0607764, -0.0104029, -0.0280272, 0.997704)
bones/8/position = Vector3(0.0183, 0.145211, 0.0784792)
bones/9/rotation = Quaternion(-0.312045, 0.649102, -0.544663, 0.429694)
bones/10/rotation = Quaternion(0.129565, 0.0485115, -0.081279, 0.987043)
bones/11/rotation = Quaternion(-0.0243313, -0.0279711, -0.0689896, 0.996928)
bones/12/position = Vector3(-0.00346932, 0.0455734, 0.0164307)
bones/12/rotation = Quaternion(0.0566486, 0.718916, 0.0704851, 0.68919)
bones/13/position = Vector3(0.00180202, 0.078071, -0.0074433)
bones/13/rotation = Quaternion(0.368316, -0.109303, -0.0933118, 0.918526)
bones/14/rotation = Quaternion(0.446082, -0.155353, 0.0168038, 0.881245)
bones/15/rotation = Quaternion(0.516362, -0.164087, -0.0219088, 0.840217)
bones/16/rotation = Quaternion(-0.0584705, 0.844629, 0.252627, 0.468362)
bones/17/rotation = Quaternion(0.154636, -0.183161, -0.0381594, 0.970095)
bones/18/rotation = Quaternion(0.220019, -0.198354, 0.0720774, 0.952393)
bones/19/position = Vector3(-0.0063056, 0.0478836, -0.000395747)
bones/19/rotation = Quaternion(0.0245994, 0.708734, 0.0453042, 0.70359)
bones/20/position = Vector3(0.00115946, 0.0744285, -0.00174812)
bones/20/rotation = Quaternion(0.411219, -0.111518, -0.0640329, 0.90242)
bones/21/rotation = Quaternion(0.480827, -0.183785, -0.00288841, 0.857333)
bones/22/rotation = Quaternion(0.461127, -0.192141, -0.0437816, 0.865174)
bones/23/position = Vector3(-0.00524281, 0.0462884, -0.0158962)
bones/23/rotation = Quaternion(-0.0278016, 0.686582, 0.0100445, 0.726452)
bones/24/position = Vector3(0.000427327, 0.0718996, 0.00263913)
bones/24/rotation = Quaternion(0.478242, -0.105038, -0.0573747, 0.870034)
bones/25/rotation = Quaternion(0.446156, -0.160816, -0.0409236, 0.879437)
bones/26/rotation = Quaternion(0.546327, -0.196733, -0.0772342, 0.810468)
bones/27/position = Vector3(-0.00223537, 0.0428857, -0.0306962)
bones/27/rotation = Quaternion(-0.0609088, 0.686362, -0.042615, 0.723451)
bones/28/position = Vector3(-0.00023709, 0.0699704, 0.00659641)
bones/28/rotation = Quaternion(0.502121, -0.159704, -0.00679778, 0.849896)
bones/29/rotation = Quaternion(0.451583, -0.162279, -0.136094, 0.866728)
bones/30/rotation = Quaternion(0.423475, -0.232181, 0.018863, 0.875446)
bones/31/position = Vector3(-0.0183, 0.145211, 0.0784792)
bones/31/rotation = Quaternion(-0.605155, 0.345862, 0.356135, 0.622363)
bones/32/rotation = Quaternion(-0.312045, -0.649102, 0.544663, 0.429694)
bones/33/rotation = Quaternion(0.129565, -0.0485115, 0.0812791, 0.987043)
bones/34/rotation = Quaternion(-0.0243313, 0.0279711, 0.0689896, 0.996928)
bones/35/position = Vector3(0.00346939, 0.0455734, 0.0164307)
bones/35/rotation = Quaternion(0.0566485, -0.718916, -0.0704851, 0.68919)
bones/36/position = Vector3(-0.00180203, 0.0780709, -0.00744328)
bones/36/rotation = Quaternion(0.368316, 0.109303, 0.0933118, 0.918526)
bones/37/rotation = Quaternion(0.446082, 0.155353, -0.0168038, 0.881245)
bones/38/rotation = Quaternion(0.516362, 0.164087, 0.0219089, 0.840217)
bones/39/rotation = Quaternion(-0.0584705, -0.844629, -0.252627, 0.468362)
bones/40/rotation = Quaternion(0.154636, 0.183161, 0.0381594, 0.970095)
bones/41/rotation = Quaternion(0.220019, 0.198354, -0.0720774, 0.952393)
bones/42/position = Vector3(0.00630558, 0.0478836, -0.000395731)
bones/42/rotation = Quaternion(0.0245994, -0.708734, -0.0453042, 0.70359)
bones/43/position = Vector3(-0.00115949, 0.0744287, -0.00174818)
bones/43/rotation = Quaternion(0.411219, 0.111518, 0.0640329, 0.90242)
bones/44/rotation = Quaternion(0.480827, 0.183785, 0.00288843, 0.857333)
bones/45/rotation = Quaternion(0.461127, 0.192141, 0.0437816, 0.865174)
bones/46/position = Vector3(0.00524282, 0.0462883, -0.0158963)
bones/46/rotation = Quaternion(-0.0278016, -0.686582, -0.0100445, 0.726452)
bones/47/position = Vector3(-0.000427292, 0.0718996, 0.00263915)
bones/47/rotation = Quaternion(0.478242, 0.105038, 0.0573747, 0.870034)
bones/48/rotation = Quaternion(0.446156, 0.160816, 0.0409237, 0.879437)
bones/49/rotation = Quaternion(0.546327, 0.196733, 0.0772342, 0.810468)
bones/50/position = Vector3(0.0022354, 0.0428858, -0.0306962)
bones/50/rotation = Quaternion(-0.0609088, -0.686362, 0.042615, 0.723451)
bones/51/position = Vector3(0.000237069, 0.0699703, 0.00659639)
bones/51/rotation = Quaternion(0.502121, 0.159704, 0.00679779, 0.849896)
bones/52/rotation = Quaternion(0.451583, 0.162279, 0.136094, 0.866728)
bones/53/rotation = Quaternion(0.423475, 0.232181, -0.018863, 0.875446)
bones/56/rotation = Quaternion(0.991071, 0.0493749, -0.00578962, 0.123721)
bones/58/rotation = Quaternion(-0.537469, -0.0186868, 0.0291454, 0.842573)
bones/61/rotation = Quaternion(0.991071, -0.0493749, 0.00578962, 0.123721)
bones/63/rotation = Quaternion(-0.537469, 0.0186868, -0.0291454, 0.842573)
bones/64/rotation = Quaternion(1.07113e-07, 0.990703, -0.136045, -1.0196e-06)

[node name="RightHookBone" type="BoneAttachment3D" parent="Human_Template_Male/metarig/Skeleton3D" index="1"]
transform = Transform3D(-0.996636, 0.0819602, -5.96941e-05, -0.0809554, -0.984304, 0.156818, 0.0127941, 0.156295, 0.987628, -0.288997, 1.09765, 0.0555382)
bone_name = "hand.R"
bone_idx = 34

[node name="RightHook" type="Area3D" parent="Human_Template_Male/metarig/Skeleton3D/RightHookBone"]
transform = Transform3D(-0.60481, -0.0491279, 0.00776408, 0.0497377, -0.597327, 0.0948478, -3.61823e-05, 0.0951651, 0.599344, -0.0537602, 0.111627, 0.00737956)
collision_layer = 4
collision_mask = 10

[node name="CollisionShape3D" type="CollisionShape3D" parent="Human_Template_Male/metarig/Skeleton3D/RightHookBone/RightHook"]
transform = Transform3D(1, 0, 0, 0, 1, 0, 0, 0, 1, -0.0458236, -0.00419879, 1.49012e-08)
shape = SubResource("BoxShape3D_v4rvf")

[node name="LeftHookBone" type="BoneAttachment3D" parent="Human_Template_Male/metarig/Skeleton3D" index="2"]
transform = Transform3D(-0.996636, -0.0819603, 5.95488e-05, 0.0809555, -0.984304, 0.156818, -0.0127942, 0.156295, 0.987628, 0.288997, 1.09765, 0.0555382)
bone_name = "hand.L"
bone_idx = 11

[node name="LeftHook" type="Area3D" parent="Human_Template_Male/metarig/Skeleton3D/LeftHookBone"]
transform = Transform3D(-0.60481, 0.049128, -0.00776419, -0.0497377, -0.597327, 0.0948479, 3.61401e-05, 0.0951652, 0.599344, 6.91116e-05, 0.107386, 0.00735529)
collision_layer = 4
collision_mask = 2

[node name="CollisionShape3D" type="CollisionShape3D" parent="Human_Template_Male/metarig/Skeleton3D/LeftHookBone/LeftHook"]
transform = Transform3D(1, 0, 0, 0, 1, 0, 0, 0, 1, -0.0458236, -0.00419879, 1.49012e-08)
shape = SubResource("BoxShape3D_v4rvf")

[node name="Physical Bone spine" type="PhysicalBone3D" parent="Human_Template_Male/metarig/Skeleton3D" index="3"]
transform = Transform3D(0.999789, -7.0346e-14, -4.83169e-13, -2.38551e-12, 0.999999, -2.38419e-07, -1.49782e-11, 2.68221e-07, 0.999999, -1.38691e-08, 1.37348, 0.0166578)
collision_layer = 8
collision_mask = 13
joint_type = 3
joint_offset = Transform3D(1, 0, 0, 0, 1, 0, 0, 0, 1, 1.3872e-08, -0.363581, -0.0718578)
body_offset = Transform3D(0.999789, -7.0346e-14, -4.83169e-13, -6.05382e-12, 0.968338, 0.249639, -1.39266e-11, -0.249639, 0.968338, -1.38691e-08, 0.370008, -0.0211814)
friction = 0.47
bounce = 0.71
linear_velocity = Vector3(0, 0, 0.85)
bone_name = "spine"
joint_constraints/angular_limit_enabled = true
joint_constraints/angular_limit_upper = 31.56
joint_constraints/angular_limit_lower = -36.23
joint_constraints/angular_limit_bias = 0.3
joint_constraints/angular_limit_softness = 0.9
joint_constraints/angular_limit_relaxation = 1.0

[node name="CollisionShape3D" type="CollisionShape3D" parent="Human_Template_Male/metarig/Skeleton3D/Physical Bone spine"]
transform = Transform3D(1, -2.62269e-07, -2.62269e-07, 2.62269e-07, 1, -4.37114e-08, 2.62269e-07, 4.37113e-08, 1, 0, -0.0234743, 0)
shape = SubResource("CapsuleShape3D_qvnks")

[node name="Physical Bone spine005" type="PhysicalBone3D" parent="Human_Template_Male/metarig/Skeleton3D" index="4"]
transform = Transform3D(0.258819, -0.966132, -1.77018e-07, 0.965922, 0.258819, 1.49012e-08, -7.51684e-07, -2.27309e-07, 0.999999, -1.27432e-08, 1.8518, 0.0674143)
collision_layer = 8
collision_mask = 13
joint_type = 3
joint_offset = Transform3D(1, 0, 0, 0, 1, 0, 0, 0, 1, -0.127598, -0.0341824, -0.0544146)
body_offset = Transform3D(0.258819, -0.966132, -1.77018e-07, 0.948957, 0.254273, 0.186599, -0.180241, -0.0482956, 0.982435, -1.27432e-08, 0.13993, 0.0288096)
friction = 0.47
bounce = 0.71
linear_velocity = Vector3(0, 0, 0.85)
bone_name = "spine.005"
joint_constraints/angular_limit_enabled = true
joint_constraints/angular_limit_upper = 31.56
joint_constraints/angular_limit_lower = -36.23
joint_constraints/angular_limit_bias = 0.3
joint_constraints/angular_limit_softness = 0.9
joint_constraints/angular_limit_relaxation = 1.0

[node name="CollisionShape3D" type="CollisionShape3D" parent="Human_Template_Male/metarig/Skeleton3D/Physical Bone spine005"]
transform = Transform3D(-4.37113e-08, 0.982436, -0.186599, 0.186598, 0.183321, 0.965181, 0.982437, -0.0348189, -0.183321, 0, 0, 0)
shape = SubResource("CapsuleShape3D_xi0xo")

[node name="Physical Bone shoulderL" type="PhysicalBone3D" parent="Human_Template_Male/metarig/Skeleton3D" index="5"]
transform = Transform3D(0.989303, -0.14543, -2.62522e-07, 0.145435, 0.98945, -8.48377e-09, -6.47878e-06, 3.86868e-06, 0.999878, 0.223706, 1.50905, -3.66718e-05)
collision_layer = 8
collision_mask = 13
joint_type = 3
joint_offset = Transform3D(1, 0, 0, 0, 1, 0, 0, 0, 1, -0.188092, 0.132885, 0.0684434)
body_offset = Transform3D(0.501654, -0.0738161, 0.861785, 0.852591, -0.125911, -0.507033, 0.145958, 0.989373, -0.000225827, 0.0451829, 0.211801, -0.104004)
friction = 0.47
bounce = 0.71
linear_velocity = Vector3(0, 0, 0.85)
bone_name = "shoulder.L"
joint_constraints/angular_limit_enabled = true
joint_constraints/angular_limit_upper = 31.56
joint_constraints/angular_limit_lower = -36.23
joint_constraints/angular_limit_bias = 0.3
joint_constraints/angular_limit_softness = 0.9
joint_constraints/angular_limit_relaxation = 1.0

[node name="CollisionShape3D" type="CollisionShape3D" parent="Human_Template_Male/metarig/Skeleton3D/Physical Bone shoulderL"]
shape = SubResource("CapsuleShape3D_g7s2j")

[node name="Physical Bone forearmL" type="PhysicalBone3D" parent="Human_Template_Male/metarig/Skeleton3D" index="6"]
transform = Transform3D(1, 1.71471e-07, 3.9538e-07, 1.6205e-07, -0.196544, 0.98049, 5.08138e-07, -0.98049, -0.196544, 0.267207, 1.23548, 0.0257484)
collision_layer = 8
collision_mask = 13
joint_type = 3
joint_offset = Transform3D(1, 0, 0, 0, 1, 0, 0, 0, 1, 0.00629682, 0.00128917, 0.142111)
body_offset = Transform3D(-0.996977, 0.0546269, -0.0552381, 0.0546562, -0.0120883, -0.998427, -0.0552089, -0.998429, 0.00906605, 0.0140573, 0.141558, 0.000346407)
friction = 0.47
bounce = 0.71
linear_velocity = Vector3(0, 0, 0.85)
bone_name = "forearm.L"
joint_constraints/angular_limit_enabled = true
joint_constraints/angular_limit_upper = 31.56
joint_constraints/angular_limit_lower = -36.23
joint_constraints/angular_limit_bias = 0.3
joint_constraints/angular_limit_softness = 0.9
joint_constraints/angular_limit_relaxation = 1.0

[node name="CollisionShape3D" type="CollisionShape3D" parent="Human_Template_Male/metarig/Skeleton3D/Physical Bone forearmL"]
transform = Transform3D(1, 0, 0, 0, 0, 1, 0, -1, 0, 0, 0, 0)
shape = SubResource("CapsuleShape3D_an74g")

[node name="Physical Bone handL" type="PhysicalBone3D" parent="Human_Template_Male/metarig/Skeleton3D" index="7"]
transform = Transform3D(0.999997, -3.16912e-07, 2.55082e-07, -2.32765e-06, 0.167404, -0.985883, 9.03284e-07, 0.985882, 0.167405, 0.262923, 0.978716, 0.0670428)
collision_layer = 8
collision_mask = 13
joint_type = 3
joint_offset = Transform3D(1, 0, 0, 0, 1, 0, 0, 0, 1, 0.0260743, 0.00858336, -0.119272)
body_offset = Transform3D(-0.996632, 0.000939027, -0.0819547, -0.0819574, -0.0106882, 0.996573, 6.00819e-05, 0.999936, 0.0107296, 0.0162034, 0.121092, -0.00730464)
friction = 0.47
bounce = 0.71
linear_velocity = Vector3(0, 0, 0.85)
bone_name = "hand.L"
joint_constraints/angular_limit_enabled = true
joint_constraints/angular_limit_upper = 31.56
joint_constraints/angular_limit_lower = -36.23
joint_constraints/angular_limit_bias = 0.3
joint_constraints/angular_limit_softness = 0.9
joint_constraints/angular_limit_relaxation = 1.0

[node name="CollisionShape3D" type="CollisionShape3D" parent="Human_Template_Male/metarig/Skeleton3D/Physical Bone handL"]
transform = Transform3D(1, 0, 0, 0, 0, 1, 0, -1, 0, 0, 0, 0)
shape = SubResource("CapsuleShape3D_n32gs")

[node name="Physical Bone palm01L" type="PhysicalBone3D" parent="Human_Template_Male/metarig/Skeleton3D" index="8"]
transform = Transform3D(0.0287717, -0.997462, 0.0649542, -0.333477, 0.0516817, 0.941341, -0.942318, -0.0487455, -0.33115, 0.286327, 1.01019, 0.0909525)
collision_layer = 8
collision_mask = 13
joint_type = 3
joint_offset = Transform3D(1, 0, 0, 0, 1, 0, 0, 0, 1, -0.0036066, 0.000523073, 0.0464822)
body_offset = Transform3D(0.999999, 5.28991e-07, 8.04663e-07, -7.7486e-07, 6.85453e-07, -1, -1.15484e-07, 0.999988, 3.69363e-06, 0.00360656, 0.0464823, -0.000523239)
friction = 0.47
bounce = 0.71
linear_velocity = Vector3(0, 0, 0.85)
bone_name = "palm.01.L"
joint_constraints/angular_limit_enabled = true
joint_constraints/angular_limit_upper = 31.56
joint_constraints/angular_limit_lower = -36.23
joint_constraints/angular_limit_bias = 0.3
joint_constraints/angular_limit_softness = 0.9
joint_constraints/angular_limit_relaxation = 1.0

[node name="CollisionShape3D" type="CollisionShape3D" parent="Human_Template_Male/metarig/Skeleton3D/Physical Bone palm01L"]
transform = Transform3D(1, 0, 0, 0, 0, 1, 0, -1, 0, 0, 0, 0)
shape = SubResource("CapsuleShape3D_nmnbm")

[node name="Physical Bone shoulderR" type="PhysicalBone3D" parent="Human_Template_Male/metarig/Skeleton3D" index="9"]
transform = Transform3D(0.999556, -5.3551e-09, 1.85095e-07, 8.73115e-10, 0.999711, -4.99276e-08, 7.69064e-07, -1.41154e-09, 0.999998, -0.204249, 1.59837, 0.00613165)
collision_layer = 8
collision_mask = 13
joint_type = 3
joint_offset = Transform3D(1, 0, 0, 0, 1, 0, 0, 0, 1, 0.186031, 0.0148092, 0.0622684)
body_offset = Transform3D(0.506869, 7.35775e-05, -0.861889, -0.861508, -0.000570422, -0.507094, -0.00052889, 0.999711, -0.000225922, -0.0406261, 0.191852, -0.0146924)
friction = 0.47
bounce = 0.71
linear_velocity = Vector3(0, 0, 0.85)
bone_name = "shoulder.R"
joint_constraints/angular_limit_enabled = true
joint_constraints/angular_limit_upper = 31.56
joint_constraints/angular_limit_lower = -36.23
joint_constraints/angular_limit_bias = 0.3
joint_constraints/angular_limit_softness = 0.9
joint_constraints/angular_limit_relaxation = 1.0

[node name="CollisionShape3D" type="CollisionShape3D" parent="Human_Template_Male/metarig/Skeleton3D/Physical Bone shoulderR"]
transform = Transform3D(1, 0, 0, 0, 0, 1, 0, -1, 0, 0, 0, 0)
shape = SubResource("CapsuleShape3D_qij1h")

[node name="Physical Bone upper_armR" type="PhysicalBone3D" parent="Human_Template_Male/metarig/Skeleton3D" index="10"]
transform = Transform3D(-0.973775, -0.0769098, 0.214072, 0.217368, -0.0371901, 0.975349, -0.0670604, 0.996303, 0.0529362, -0.246044, 1.49119, 0.00332798)
collision_layer = 8
collision_mask = 13
joint_type = 3
joint_offset = Transform3D(1, 0, 0, 0, 1, 0, 0, 0, 1, 0.00184018, -0.000291174, 0.135857)
body_offset = Transform3D(0.999991, -6.78003e-06, 1.407e-05, 1.12441e-05, -3.66122e-05, -0.999967, 3.05474e-06, 0.999959, -3.33786e-05, -0.00184208, 0.135853, 0.000295691)
friction = 0.47
bounce = 0.71
linear_velocity = Vector3(0, 0, 0.85)
bone_name = "upper_arm.R"
joint_constraints/angular_limit_enabled = true
joint_constraints/angular_limit_upper = 31.56
joint_constraints/angular_limit_lower = -36.23
joint_constraints/angular_limit_bias = 0.3
joint_constraints/angular_limit_softness = 0.9
joint_constraints/angular_limit_relaxation = 1.0

[node name="CollisionShape3D" type="CollisionShape3D" parent="Human_Template_Male/metarig/Skeleton3D/Physical Bone upper_armR"]
transform = Transform3D(1, 0, 0, 0, 0, 1, 0, -1, 0, 0, 0, 0)
shape = SubResource("CapsuleShape3D_p4kax")

[node name="Physical Bone forearmR" type="PhysicalBone3D" parent="Human_Template_Male/metarig/Skeleton3D" index="11"]
transform = Transform3D(-0.996979, 0.0552041, 0.0546469, 0.0648807, 0.204986, 0.976606, 0.0427116, 0.977202, -0.207948, -0.281327, 1.22395, 0.026131)
collision_layer = 8
collision_mask = 13
joint_type = 3
joint_offset = Transform3D(1, 0, 0, 0, 1, 0, 0, 0, 1, 0.00070911, 0.00240245, 0.15367)
body_offset = Transform3D(1, -2.87592e-06, 1.69585e-05, 1.77417e-05, 0.000142217, -0.999994, 3.02121e-06, 0.999995, 0.000142261, -0.000711709, 0.153669, -0.0024243)
friction = 0.47
bounce = 0.71
linear_velocity = Vector3(0, 0, 0.85)
bone_name = "forearm.R"
joint_constraints/angular_limit_enabled = true
joint_constraints/angular_limit_upper = 31.56
joint_constraints/angular_limit_lower = -36.23
joint_constraints/angular_limit_bias = 0.3
joint_constraints/angular_limit_softness = 0.9
joint_constraints/angular_limit_relaxation = 1.0

[node name="CollisionShape3D" type="CollisionShape3D" parent="Human_Template_Male/metarig/Skeleton3D/Physical Bone forearmR"]
transform = Transform3D(1, 0, 0, 0, 0, 1, 0, -1, 0, 0, 0, 0)
shape = SubResource("CapsuleShape3D_a1egt")

[node name="Physical Bone handR" type="PhysicalBone3D" parent="Human_Template_Male/metarig/Skeleton3D" index="12"]
transform = Transform3D(0.980335, 0.196701, -0.0155038, 0.107864, -0.468471, 0.876868, 0.165217, -0.861301, -0.48048, -0.288484, 1.06595, 0.0671886)
collision_layer = 8
collision_mask = 13
joint_type = 3
joint_offset = Transform3D(1, 0, 0, 0, 1, 0, 0, 0, 1, 0.00100183, -0.00496172, 0.0334862)
body_offset = Transform3D(-0.983655, -0.169133, -0.0616829, -2.29105e-07, 0.342623, -0.939472, 0.18003, -0.924121, -0.337026, 0.00221179, 0.0331594, 0.00652014)
friction = 0.47
bounce = 0.71
linear_velocity = Vector3(0, 0, 0.85)
bone_name = "hand.R"
joint_constraints/angular_limit_enabled = true
joint_constraints/angular_limit_upper = 31.56
joint_constraints/angular_limit_lower = -36.23
joint_constraints/angular_limit_bias = 0.3
joint_constraints/angular_limit_softness = 0.9
joint_constraints/angular_limit_relaxation = 1.0

[node name="CollisionShape3D" type="CollisionShape3D" parent="Human_Template_Male/metarig/Skeleton3D/Physical Bone handR"]
transform = Transform3D(1, 0, 0, 0, 0, 1, 0, -1, 0, 0, 0, 0)
shape = SubResource("CapsuleShape3D_gnhr3")

[node name="Physical Bone thighL" type="PhysicalBone3D" parent="Human_Template_Male/metarig/Skeleton3D" index="13"]
transform = Transform3D(0.995057, 0.000741285, -0.0993009, 0.0992972, 0.00395898, 0.99505, 0.00113143, -0.999785, 0.00386353, 0.122389, 0.827416, 0.0158226)
collision_layer = 8
collision_mask = 13
joint_type = 3
joint_offset = Transform3D(1, 0, 0, 0, 1, 0, 0, 0, 1, 0.000184887, 5.96756e-06, 0.247458)
body_offset = Transform3D(1, -4.06289e-08, -2.1336e-07, -2.30315e-07, -8.5379e-07, -1, -4.06755e-07, 0.999792, 2.24984e-06, -0.000184834, 0.247458, -6.52298e-06)
friction = 0.47
bounce = 0.71
linear_velocity = Vector3(0, 0, 0.85)
bone_name = "thigh.L"
joint_constraints/angular_limit_enabled = true
joint_constraints/angular_limit_upper = 31.56
joint_constraints/angular_limit_lower = -36.23
joint_constraints/angular_limit_bias = 0.3
joint_constraints/angular_limit_softness = 0.9
joint_constraints/angular_limit_relaxation = 1.0

[node name="CollisionShape3D" type="CollisionShape3D" parent="Human_Template_Male/metarig/Skeleton3D/Physical Bone thighL"]
transform = Transform3D(1, 0, 0, 0, 0, 1, 0, -1, 0, 0, 0, 0)
shape = SubResource("CapsuleShape3D_72lpj")

[node name="Physical Bone shinL" type="PhysicalBone3D" parent="Human_Template_Male/metarig/Skeleton3D" index="14"]
transform = Transform3D(0.997615, 0.000159798, -0.0692108, 0.0691434, 0.0389369, 0.99697, 0.00285319, -0.999655, 0.0388239, 0.1641, 0.335474, 0.00518041)
collision_layer = 8
collision_mask = 13
joint_type = 3
joint_offset = Transform3D(1, 0, 0, 0, 1, 0, 0, 0, 1, 5.03212e-06, 3.67385e-06, 0.249732)
body_offset = Transform3D(1.00001, -5.82077e-07, -7.58038e-07, 4.20659e-07, 4.4331e-07, -1.00012, 3.00352e-08, 1.00041, -2.12714e-06, -4.84288e-06, 0.249763, -3.14415e-06)
friction = 0.47
bounce = 0.71
linear_velocity = Vector3(0, 0, 0.85)
bone_name = "shin.L"
joint_constraints/angular_limit_enabled = true
joint_constraints/angular_limit_upper = 31.56
joint_constraints/angular_limit_lower = -36.23
joint_constraints/angular_limit_bias = 0.3
joint_constraints/angular_limit_softness = 0.9
joint_constraints/angular_limit_relaxation = 1.0

[node name="CollisionShape3D" type="CollisionShape3D" parent="Human_Template_Male/metarig/Skeleton3D/Physical Bone shinL"]
transform = Transform3D(1, 0, 0, 0, 0, 1, 0, -1, 0, 0, 0, 0)
shape = SubResource("CapsuleShape3D_equ7f")

[node name="Physical Bone footL" type="PhysicalBone3D" parent="Human_Template_Male/metarig/Skeleton3D" index="15"]
transform = Transform3D(1, 1.32512e-07, -1.77845e-07, 2.03207e-07, -0.889706, 0.456531, -1.04821e-07, -0.456531, -0.889707, 0.181379, 0.0580921, 0.0509246)
collision_layer = 8
collision_mask = 13
joint_type = 3
joint_offset = Transform3D(1, 0, 0, 0, 1, 0, 0, 0, 1, 2.91457e-08, -9.09195e-05, 0.0623559)
body_offset = Transform3D(1, -1.35529e-10, 1.05297e-08, 1.05292e-08, -1.19209e-07, -0.999999, -3.12639e-13, 0.999999, -1.19209e-07, -2.98023e-08, 0.0623558, 9.09269e-05)
friction = 0.47
bounce = 0.71
linear_velocity = Vector3(0, 0, 0.85)
bone_name = "foot.L"
joint_constraints/angular_limit_enabled = true
joint_constraints/angular_limit_upper = 31.56
joint_constraints/angular_limit_lower = -36.23
joint_constraints/angular_limit_bias = 0.3
joint_constraints/angular_limit_softness = 0.9
joint_constraints/angular_limit_relaxation = 1.0

[node name="CollisionShape3D" type="CollisionShape3D" parent="Human_Template_Male/metarig/Skeleton3D/Physical Bone footL"]
transform = Transform3D(1, 0, 0, 0, 0, 1, 0, -1, 0, 0, 0, 0)
shape = SubResource("CapsuleShape3D_o605y")

[node name="Physical Bone thighR" type="PhysicalBone3D" parent="Human_Template_Male/metarig/Skeleton3D" index="16"]
transform = Transform3D(0.995057, -0.000741563, 0.0993008, -0.099297, 0.00395888, 0.99505, -0.00113016, -0.999785, 0.00386691, -0.12241, 0.829045, 0.0158226)
collision_layer = 8
collision_mask = 13
joint_type = 3
joint_offset = Transform3D(1, 0, 0, 0, 1, 0, 0, 0, 1, -2.46735e-06, 3.30116e-07, 0.245839)
body_offset = Transform3D(1, -2.26544e-07, 9.58198e-08, 3.36559e-08, -7.32485e-07, -1, -8.60891e-07, 0.999792, -1.13039e-06, 2.44379e-06, 0.245839, -5.21541e-08)
friction = 0.47
bounce = 0.71
linear_velocity = Vector3(0, 0, 0.85)
bone_name = "thigh.R"
joint_constraints/angular_limit_enabled = true
joint_constraints/angular_limit_upper = 31.56
joint_constraints/angular_limit_lower = -36.23
joint_constraints/angular_limit_bias = 0.3
joint_constraints/angular_limit_softness = 0.9
joint_constraints/angular_limit_relaxation = 1.0

[node name="CollisionShape3D" type="CollisionShape3D" parent="Human_Template_Male/metarig/Skeleton3D/Physical Bone thighR"]
transform = Transform3D(1, 0, 0, 0, 0, 1, 0, -1, 0, 0, 0, 0)
shape = SubResource("CapsuleShape3D_equlb")

[node name="Physical Bone shinR" type="PhysicalBone3D" parent="Human_Template_Male/metarig/Skeleton3D" index="17"]
transform = Transform3D(0.997617, -0.000159867, 0.0692018, -0.0691446, 0.0389388, 0.996857, -0.00285329, -0.999682, 0.0388181, -0.164101, 0.335541, 0.00517964)
collision_layer = 8
collision_mask = 13
joint_type = 3
joint_offset = Transform3D(1, 0, 0, 0, 1, 0, 0, 0, 1, 2.65737e-07, -2.06917e-08, 0.249694)
body_offset = Transform3D(1.00001, 4.60772e-07, -4.0781e-07, 6.9134e-07, -3.72529e-07, -1.00001, 2.35159e-08, 1.00044, -6.92904e-07, -1.63913e-07, 0.249697, 1.93715e-07)
friction = 0.47
bounce = 0.71
linear_velocity = Vector3(0, 0, 0.85)
bone_name = "shin.R"
joint_constraints/angular_limit_enabled = true
joint_constraints/angular_limit_upper = 31.56
joint_constraints/angular_limit_lower = -36.23
joint_constraints/angular_limit_bias = 0.3
joint_constraints/angular_limit_softness = 0.9
joint_constraints/angular_limit_relaxation = 1.0

[node name="CollisionShape3D" type="CollisionShape3D" parent="Human_Template_Male/metarig/Skeleton3D/Physical Bone shinR"]
transform = Transform3D(1, 0, 0, 0, 0, 1, 0, -1, 0, 0, 0, 0)
shape = SubResource("CapsuleShape3D_qwo5r")

[node name="Physical Bone footR" type="PhysicalBone3D" parent="Human_Template_Male/metarig/Skeleton3D" index="18"]
transform = Transform3D(1, -1.32648e-07, 1.78117e-07, -2.03207e-07, -0.889706, 0.456531, 1.04821e-07, -0.456531, -0.889707, -0.181431, 0.0581515, 0.0510079)
collision_layer = 8
collision_mask = 13
joint_type = 3
joint_offset = Transform3D(1, 0, 0, 0, 1, 0, 0, 0, 1, 5.20355e-05, -3.35392e-08, 0.0624028)
body_offset = Transform3D(1, 1.20792e-13, -1.02573e-08, -1.05291e-08, -1.19209e-07, -0.999999, -1.63425e-13, 0.999999, -1.19209e-07, -5.20349e-05, 0.0624027, 4.09782e-08)
friction = 0.47
bounce = 0.71
linear_velocity = Vector3(0, 0, 0.85)
bone_name = "foot.R"
joint_constraints/angular_limit_enabled = true
joint_constraints/angular_limit_upper = 31.56
joint_constraints/angular_limit_lower = -36.23
joint_constraints/angular_limit_bias = 0.3
joint_constraints/angular_limit_softness = 0.9
joint_constraints/angular_limit_relaxation = 1.0

[node name="CollisionShape3D" type="CollisionShape3D" parent="Human_Template_Male/metarig/Skeleton3D/Physical Bone footR"]
transform = Transform3D(1, 0, 0, 0, 0, 1, 0, -1, 0, 0, 0, 0)
shape = SubResource("CapsuleShape3D_f1c7u")

[node name="AnimationPlayer" parent="Human_Template_Male" index="1"]
playback_default_blend_time = 0.3

[node name="ProjectilePlacement" type="Node3D" parent="Human_Template_Male"]
transform = Transform3D(1, 0, 0, 0, 1, 0, 0, 0, 1, -0.26745, 1.25401, 0.260283)

[node name="AnimationTree" type="AnimationTree" parent="."]
tree_root = SubResource("AnimationNodeBlendTree_t0tf6")
anim_player = NodePath("../Human_Template_Male/AnimationPlayer")
advance_expression_base_node = NodePath("..")
active = true
parameters/BlockShot/active = false
parameters/BlockShot/request = 0
parameters/JumpShot/active = false
parameters/JumpShot/request = 0
parameters/Movement/playback = SubResource("AnimationNodeStateMachinePlayback_dh8qm")
parameters/PunchShot/active = false
parameters/PunchShot/request = 0
parameters/TimeScale/scale = 1.0

[node name="Label3D" type="Label3D" parent="."]
transform = Transform3D(-1, 0, -8.74228e-08, 0, 1, 0, 8.74228e-08, 0, -1, 0, 2.23302, 0)
pixel_size = 0.008
text = "Character"

[node name="ControllerPositioner" type="RemoteTransform3D" parent="."]
update_rotation = false
update_scale = false

[node name="Timers" type="Node" parent="."]

[node name="JumpTimer" type="Timer" parent="Timers"]
wait_time = 0.252
one_shot = true

[node name="ProjectileTimer" type="Timer" parent="Timers"]
one_shot = true

[node name="SpecialMeleeTimer" type="Timer" parent="Timers"]
one_shot = true

[connection signal="body_entered" from="Human_Template_Male/metarig/Skeleton3D/RightHookBone/RightHook" to="." method="_on_right_hook_body_entered"]
[connection signal="body_entered" from="Human_Template_Male/metarig/Skeleton3D/LeftHookBone/LeftHook" to="." method="_on_left_hook_body_entered"]
[connection signal="animation_finished" from="AnimationTree" to="." method="_on_animation_tree_animation_finished"]

[editable path="Human_Template_Male"]
