[gd_scene load_steps=16 format=3 uid="uid://bll33yjqetgyw"]

[ext_resource type="PackedScene" uid="uid://dklaxvd7swq26" path="res://Characters/Character.tscn" id="1_st53p"]
[ext_resource type="Script" path="res://Characters/Freight/freight.gd" id="2_g58n0"]
[ext_resource type="Script" path="res://Characters/Resources/character_data.gd" id="3_iwc84"]
[ext_resource type="Script" path="res://Characters/Freight/Lazer.gd" id="4_rek8k"]

[sub_resource type="Resource" id="Resource_6gkbg"]
resource_local_to_scene = true
script = ExtResource("3_iwc84")
Team = "Freight"
max_health = 150
single_fire = true
base_damage = 10
special_damage = 0
projectile_damage = 40
projectile_speed = 0.0
max_ammo = 10
move_speed = 4.0
acceleration = 0.1
gravity = 30.0
dodge_force = 15.0
punch_force = 8.0

[sub_resource type="StandardMaterial3D" id="StandardMaterial3D_5bgby"]
albedo_color = Color(0, 0, 0, 1)

[sub_resource type="CapsuleMesh" id="CapsuleMesh_54g7o"]
material = SubResource("StandardMaterial3D_5bgby")
radius = 0.201
height = 0.654

[sub_resource type="AnimationNodeStateMachinePlayback" id="AnimationNodeStateMachinePlayback_5qlbq"]

[sub_resource type="Curve" id="Curve_jw53o"]
_data = [Vector2(0.00341297, 0.536364), 0.0, 0.0, 0, 0, Vector2(0.245734, 1), 0.0, 0.0, 0, 0, Vector2(1, 0), 0.0, 0.0, 0, 0]
point_count = 3

[sub_resource type="CurveTexture" id="CurveTexture_qj8tr"]
curve = SubResource("Curve_jw53o")

[sub_resource type="ParticleProcessMaterial" id="ParticleProcessMaterial_sixj4"]
direction = Vector3(0, 1, 0)
spread = 86.83
gravity = Vector3(0, 1, 0)
initial_velocity_min = 1.0
initial_velocity_max = 1.0
scale_curve = SubResource("CurveTexture_qj8tr")

[sub_resource type="StandardMaterial3D" id="StandardMaterial3D_3n7mq"]
transparency = 1
cull_mode = 2
albedo_color = Color(0.909804, 0.0862745, 0, 0.733333)
emission_enabled = true
emission = Color(0.909804, 0.0862745, 0, 1)
emission_energy_multiplier = 7.23

[sub_resource type="PlaneMesh" id="PlaneMesh_51spj"]
material = SubResource("StandardMaterial3D_3n7mq")
size = Vector2(0.05, 0.05)

[sub_resource type="StandardMaterial3D" id="StandardMaterial3D_2wgfu"]
albedo_color = Color(1, 0.113725, 0.160784, 0.807843)
emission_enabled = true
emission = Color(0.886275, 0.129412, 0, 1)
emission_energy_multiplier = 6.6

[sub_resource type="CapsuleMesh" id="CapsuleMesh_2i6ly"]
material = SubResource("StandardMaterial3D_2wgfu")
flip_faces = true
radius = 0.009
height = 0.097

[node name="Freight" instance=ExtResource("1_st53p")]
script = ExtResource("2_g58n0")
character_stats = SubResource("Resource_6gkbg")

[node name="Skeleton3D" parent="Human_Template_Male/metarig" index="0"]
bones/6/rotation = Quaternion(-0.0630053, -0.00970069, -0.0261354, 0.997624)
bones/8/position = Vector3(0.0183, 0.144643, 0.078463)
bones/31/position = Vector3(-0.0183, 0.144643, 0.078463)

[node name="RightHookBone" parent="Human_Template_Male/metarig/Skeleton3D" index="1"]
transform = Transform3D(-0.996636, 0.0819602, -5.96941e-05, -0.0809554, -0.984304, 0.156818, 0.0127941, 0.156295, 0.987628, -0.288997, 1.09709, 0.0555382)

[node name="LeftHookBone" parent="Human_Template_Male/metarig/Skeleton3D" index="2"]
transform = Transform3D(-0.996636, -0.0819603, 5.95488e-05, 0.0809555, -0.984304, 0.156818, -0.0127942, 0.156295, 0.987628, 0.288997, 1.09709, 0.0555382)

[node name="Physical Bone spine" parent="Human_Template_Male/metarig/Skeleton3D" index="3"]
transform = Transform3D(0.966765, -7.0346e-14, -4.83169e-13, -9.46161e-11, 0.999999, -2.38419e-07, -1.57675e-09, 2.68221e-07, 0.999999, -1.33975e-08, 1.37348, 0.01666)
joint_offset = Transform3D(1, 0, 0, 0, 1, 0, 0, 0, 1, 1.3858e-08, -0.363582, -0.07186)
body_offset = Transform3D(0.966765, -7.0346e-14, -4.83169e-13, -4.85251e-10, 0.968338, 0.249639, -1.50325e-09, -0.249639, 0.968338, -1.33975e-08, 0.370009, -0.0211794)

[node name="Physical Bone spine005" parent="Human_Template_Male/metarig/Skeleton3D" index="4"]
transform = Transform3D(0.258819, -0.999156, -1.92762e-07, 0.965922, 0.258819, 1.49012e-08, -7.51684e-07, 5.46021e-08, 0.999999, -1.46094e-08, 1.8518, 0.0674139)
joint_offset = Transform3D(1, 0, 0, 0, 1, 0, 0, 0, 1, -0.12788, -0.0331256, -0.0544141)
body_offset = Transform3D(0.258819, -0.999156, -1.92762e-07, 0.948957, 0.254273, 0.186599, -0.180241, -0.0482953, 0.982435, -1.46094e-08, 0.139929, 0.0288094)

[node name="Physical Bone shoulderL" parent="Human_Template_Male/metarig/Skeleton3D" index="5"]
transform = Transform3D(0.989352, -0.145481, -2.66787e-07, 0.145461, 0.992567, -8.06976e-06, -4.72842e-05, 4.38151e-05, 0.999878, 0.226528, 1.54457, -0.00708535)
joint_offset = Transform3D(1, 0, 0, 0, 1, 0, 0, 0, 1, -0.196158, 0.0973184, 0.0754811)
body_offset = Transform3D(0.501644, -0.0738081, 0.861785, 0.852654, -0.125977, -0.507033, 0.145985, 0.99249, -0.000233888, 0.0405361, 0.217787, -0.0679337)

[node name="Physical Bone forearmL" parent="Human_Template_Male/metarig/Skeleton3D" index="6"]
transform = Transform3D(1.00003, -6.55543e-07, 5.55685e-07, 3.78489e-06, -0.196545, 0.980509, 2.151e-06, -0.980493, -0.196546, 0.265598, 1.26258, 0.0140354)
joint_offset = Transform3D(1, 0, 0, 0, 1, 0, 0, 0, 1, 0.00790561, -0.00476023, 0.112693)
body_offset = Transform3D(-0.997012, 0.0546279, -0.0552394, 0.0546549, -0.0120876, -0.998446, -0.0552084, -0.998432, 0.0090676, 0.0143671, 0.112028, -0.00533816)

[node name="Physical Bone handL" parent="Human_Template_Male/metarig/Skeleton3D" index="7"]
transform = Transform3D(0.999991, -0.00037937, 8.15275e-06, -1.90862e-05, 0.167404, -0.985882, 4.8497e-06, 0.985882, 0.167405, 0.262923, 1.00666, 0.0596918)
joint_offset = Transform3D(1, 0, 0, 0, 1, 0, 0, 0, 1, 0.0260793, 0.011061, -0.0899528)
body_offset = Transform3D(-0.996628, 0.00131682, -0.0819625, -0.0819399, -0.0106573, 0.996571, 6.13506e-05, 0.999936, 0.0107305, 0.0186041, 0.0918992, -0.0100967)

[node name="Physical Bone shoulderR" parent="Human_Template_Male/metarig/Skeleton3D" index="8"]
transform = Transform3D(0.999557, -1.60071e-08, 1.8936e-07, 1.97906e-09, 0.999712, -8.11119e-06, 7.09459e-07, -4.62751e-09, 0.999998, -0.202874, 1.61606, 0.00611158)
joint_offset = Transform3D(1, 0, 0, 0, 1, 0, 0, 0, 1, 0.184656, -0.00342927, 0.0622884)
body_offset = Transform3D(0.506869, 7.35749e-05, -0.861889, -0.861508, -0.000570412, -0.507094, -0.000528889, 0.999712, -0.000233983, -0.0399106, 0.190667, 0.00354052)

[node name="Physical Bone upper_armR" parent="Human_Template_Male/metarig/Skeleton3D" index="9"]
transform = Transform3D(-0.973726, -0.0768928, 0.214034, 0.217359, -0.0371772, 0.975245, -0.067057, 0.996239, 0.0529266, -0.249331, 1.48374, 0.00332835)
joint_offset = Transform3D(1, 0, 0, 0, 1, 0, 0, 0, 1, 0.000137181, -0.000800859, 0.143311)
body_offset = Transform3D(0.999942, -1.61454e-05, 2.84517e-05, 9.69321e-06, -4.93787e-05, -0.999857, 3.06219e-06, 0.999894, -3.61837e-05, -0.000141263, 0.14329, 0.000805959)

[node name="Physical Bone forearmR" parent="Human_Template_Male/metarig/Skeleton3D" index="10"]
transform = Transform3D(-0.996979, 0.0552041, 0.0546425, 0.0648775, 0.204986, 0.976603, 0.0427111, 0.977202, -0.207949, -0.282232, 1.2567, 0.0265962)
joint_offset = Transform3D(1, 0, 0, 0, 1, 0, 0, 0, 1, -0.00237331, -0.00482801, 0.121296)
body_offset = Transform3D(1, -2.89083e-06, 2.12425e-05, 2.07396e-05, 0.000142604, -0.999991, 1.81049e-06, 0.999995, 0.00014089, 0.00237072, 0.121296, 0.0048109)

[node name="Physical Bone handR" parent="Human_Template_Male/metarig/Skeleton3D" index="11"]
transform = Transform3D(0.980335, 0.196701, -0.015501, 0.107864, -0.468471, 0.876854, 0.165218, -0.861301, -0.480478, -0.288476, 1.06542, 0.0671871)
joint_offset = Transform3D(1, 0, 0, 0, 1, 0, 0, 0, 1, 0.000991245, -0.00495225, 0.0334626)
body_offset = Transform3D(-0.983655, -0.169133, -0.0616844, 4.28408e-08, 0.342623, -0.939457, 0.18003, -0.924121, -0.337026, 0.00220157, 0.0331334, 0.00652282)

[node name="Physical Bone thighL" parent="Human_Template_Male/metarig/Skeleton3D" index="12"]
transform = Transform3D(0.995057, 0.000736796, -0.0993453, 0.099297, 0.00395899, 0.995039, 0.00113637, -0.996024, 0.0038626, 0.122399, 0.82732, 0.0158376)
joint_offset = Transform3D(1, 0, 0, 0, 1, 0, 0, 0, 1, 0.000194987, 2.11829e-05, 0.247556)
body_offset = Transform3D(1, -2.5332e-07, -4.54692e-05, 2.62344e-08, -1.58488e-05, -0.999994, -5.35417e-06, 0.996032, 3.10526e-06, -0.000183731, 0.247554, -2.18665e-05)

[node name="Physical Bone shinL" parent="Human_Template_Male/metarig/Skeleton3D" index="13"]
transform = Transform3D(0.997615, 0.00015867, -0.0692165, 0.0691429, 0.0389673, 0.997026, 0.00285165, -1.00051, 0.0388283, 0.164117, 0.335472, 0.00518012)
joint_offset = Transform3D(1, 0, 0, 0, 1, 0, 0, 0, 1, -1.14612e-05, 3.98914e-06, 0.249721)
body_offset = Transform3D(1.00001, -2.05613e-06, -2.437e-06, 9.49636e-07, 3.40492e-06, -1.00018, 1.54576e-06, 1.00127, -4.23566e-06, 1.20699e-05, 0.249766, -2.93646e-06)

[node name="Physical Bone footL" parent="Human_Template_Male/metarig/Skeleton3D" index="14"]
transform = Transform3D(1, 1.38387e-07, -1.76387e-07, 2.03207e-07, -0.889708, 0.456532, -1.04821e-07, -0.456532, -0.889709, 0.189032, 0.0580919, 0.0509249)
joint_offset = Transform3D(1, 0, 0, 0, 1, 0, 0, 0, 1, -0.00765269, -9.09938e-05, 0.0623561)
body_offset = Transform3D(1, 5.73924e-09, 1.19879e-08, 1.05287e-08, -1.19209e-07, -1, -3.2685e-13, 1, -1.19209e-07, 0.00765269, 0.0623562, 9.10014e-05)

[node name="Physical Bone thighR" parent="Human_Template_Male/metarig/Skeleton3D" index="15"]
transform = Transform3D(0.995057, -0.000741639, 0.099349, -0.099297, 0.00395728, 0.995039, -0.00113016, -0.996024, 0.00388125, -0.12241, 0.829045, 0.0158226)
joint_offset = Transform3D(1, 0, 0, 0, 1, 0, 0, 0, 1, -1.43831e-05, 3.85023e-06, 0.245841)
body_offset = Transform3D(1, -4.39654e-06, 4.91715e-05, 3.3675e-08, -1.367e-05, -0.999994, -8.56002e-07, 0.996032, -1.55463e-05, 2.29478e-06, 0.245839, -1.30385e-08)

[node name="Physical Bone shinR" parent="Human_Template_Male/metarig/Skeleton3D" index="16"]
transform = Transform3D(0.997615, -0.000135258, 0.0692047, -0.0691448, 0.0401055, 0.996951, -0.00285331, -1.02963, 0.0388285, -0.164105, 0.335519, 0.0051562)
joint_offset = Transform3D(1, 0, 0, 0, 1, 0, 0, 0, 1, 3.41112e-06, -2.03168e-05, 0.249694)
body_offset = Transform3D(1.00001, 2.98042e-05, -4.11052e-06, 9.67892e-07, -2.39164e-06, -1.0001, 4.21423e-08, 1.03041, -7.3798e-06, -2.38419e-06, 0.24972, 2.27774e-05)

[node name="Physical Bone footR" parent="Human_Template_Male/metarig/Skeleton3D" index="17"]
transform = Transform3D(1, -1.32647e-07, 1.79023e-07, -2.03208e-07, -0.889708, 0.456532, 1.0482e-07, -0.456532, -0.889709, -0.189688, 0.0581518, 0.0510097)
joint_offset = Transform3D(1, 0, 0, 0, 1, 0, 0, 0, 1, 0.0083084, 1.08777e-06, 0.0624041)
joint_rotation = Vector3(0, 0, 0)
body_offset = Transform3D(1, 1.07292e-12, -9.35196e-09, -1.05292e-08, -1.19209e-07, -1, 1.79767e-12, 1, -1.19209e-07, -0.0083084, 0.0624042, -1.08033e-06)

[node name="MeshInstance3D" parent="Human_Template_Male" index="3"]
mesh = SubResource("CapsuleMesh_54g7o")

[node name="AnimationTree" parent="." index="2"]
parameters/Movement/playback = SubResource("AnimationNodeStateMachinePlayback_5qlbq")

[node name="Lazer" type="Node3D" parent="." index="5"]
script = ExtResource("4_rek8k")

[node name="HitParticles" type="GPUParticles3D" parent="Lazer" index="0"]
transform = Transform3D(1, 0, 0, 0, -4.37114e-08, -1, 0, 1, -4.37114e-08, 0, 1.89483, -0.357521)
emitting = false
amount = 25
lifetime = 0.4
fixed_fps = 60
interpolate = false
transform_align = 1
process_material = SubResource("ParticleProcessMaterial_sixj4")
draw_pass_1 = SubResource("PlaneMesh_51spj")

[node name="LazerHitDetect" type="RayCast3D" parent="Lazer" index="1"]
transform = Transform3D(1, 0, 0, 0, 1, 0, 0, 0, 1, 0, 1.55072, -0.123684)
enabled = false
target_position = Vector3(0, 0, -10)
collision_mask = 3
collide_with_areas = true

[node name="LazerBeamRight" type="MeshInstance3D" parent="Lazer" index="2"]
transform = Transform3D(1, 0, 0, 0, -4.37114e-08, 1, 0, -1, -4.37114e-08, 0.0400248, 1.88354, -0.221763)
visible = false
mesh = SubResource("CapsuleMesh_2i6ly")

[node name="LazerBeamLeft" type="MeshInstance3D" parent="Lazer" index="3"]
transform = Transform3D(1, 0, 0, 0, -4.37114e-08, 1, 0, -1, -4.37114e-08, -0.0387782, 1.88354, -0.222913)
visible = false
mesh = SubResource("CapsuleMesh_2i6ly")

[node name="LazerTimer" type="Timer" parent="Lazer" index="4"]
wait_time = 2.073
one_shot = true

[node name="DamFrequencyLimit" type="Timer" parent="Lazer" index="5"]
wait_time = 0.2
one_shot = true

[node name="Raycast" type="RayCast3D" parent="Lazer" index="6"]
transform = Transform3D(1, 0, 0, 0, 1, 0, 0, 0, 1, 0, 1.86723, -0.16723)
target_position = Vector3(0, 0, -10)
collision_mask = 3

[connection signal="timeout" from="Lazer/LazerTimer" to="." method="stop_firing"]
[connection signal="timeout" from="Lazer/DamFrequencyLimit" to="Lazer" method="check_raycast"]

[editable path="Human_Template_Male"]
