[gd_scene load_steps=11 format=3 uid="uid://bll33yjqetgyw"]

[ext_resource type="PackedScene" uid="uid://dklaxvd7swq26" path="res://Characters/Character.tscn" id="1_st53p"]
[ext_resource type="Script" path="res://Characters/Freight/freight.gd" id="2_g58n0"]
[ext_resource type="Script" path="res://Characters/Resources/character_data.gd" id="3_iwc84"]
[ext_resource type="Shader" uid="uid://b3m2gpt0ey4rq" path="res://Characters/Freight/freight.tres" id="4_ge8rm"]

[sub_resource type="Resource" id="Resource_6gkbg"]
resource_local_to_scene = true
script = ExtResource("3_iwc84")
Team = "Freight"
max_health = 150
single_fire = true
base_damage = 10
special_damage = 0
projectile_damage = 40
projectile_speed = 0.0
max_ammo = 10
move_speed = 4.0
acceleration = 0.07
gravity = 30.0
dodge_force = 15.0
punch_force = 15.0

[sub_resource type="StandardMaterial3D" id="StandardMaterial3D_5bgby"]
albedo_color = Color(0, 0, 0, 1)

[sub_resource type="CapsuleMesh" id="CapsuleMesh_54g7o"]
material = SubResource("StandardMaterial3D_5bgby")
radius = 0.201
height = 0.654

[sub_resource type="AnimationNodeStateMachinePlayback" id="AnimationNodeStateMachinePlayback_5qlbq"]

[sub_resource type="ShaderMaterial" id="ShaderMaterial_386yl"]
render_priority = 0
shader = ExtResource("4_ge8rm")

[sub_resource type="CapsuleMesh" id="CapsuleMesh_2i6ly"]
material = SubResource("ShaderMaterial_386yl")
radius = 0.014
height = 7.62

[node name="Freight" instance=ExtResource("1_st53p")]
script = ExtResource("2_g58n0")
character_stats = SubResource("Resource_6gkbg")

[node name="Skeleton3D" parent="Human_Template_Male/metarig" index="0"]
bones/6/rotation = Quaternion(-0.0818202, -0.00376284, -0.0101378, 0.996588)
bones/8/position = Vector3(0.0183, 0.140607, 0.0783477)
bones/31/position = Vector3(-0.0183, 0.140607, 0.0783477)

[node name="RightHookBone" parent="Human_Template_Male/metarig/Skeleton3D" index="1"]
transform = Transform3D(-0.996636, 0.0819602, -5.96941e-05, -0.0809554, -0.984304, 0.156818, 0.0127941, 0.156295, 0.987628, -0.288997, 1.09305, 0.0555382)

[node name="LeftHookBone" parent="Human_Template_Male/metarig/Skeleton3D" index="2"]
transform = Transform3D(-0.996636, -0.0819603, 5.95488e-05, 0.0809555, -0.984304, 0.156818, -0.0127942, 0.156295, 0.987628, 0.288997, 1.09305, 0.0555382)

[node name="Physical Bone spine" parent="Human_Template_Male/metarig/Skeleton3D" index="3"]
transform = Transform3D(0.99233, -7.0346e-14, -4.83169e-13, -6.10232e-11, 0.999999, -2.38419e-07, -9.92856e-10, 2.68221e-07, 0.999999, -1.39114e-08, 1.37348, 0.016659)
joint_offset = Transform3D(1, 0, 0, 0, 1, 0, 0, 0, 1, 1.40188e-08, -0.363581, -0.071859)
body_offset = Transform3D(0.992331, -7.0346e-14, -4.83169e-13, -3.06954e-10, 0.968338, 0.249639, -9.46216e-10, -0.249639, 0.968338, -1.39114e-08, 0.370008, -0.0211802)

[node name="Physical Bone spine005" parent="Human_Template_Male/metarig/Skeleton3D" index="4"]
transform = Transform3D(0.258819, -0.97359, -1.80572e-07, 0.965922, 0.258819, 1.49012e-08, -7.51684e-07, 6.50324e-08, 0.999999, -1.30856e-08, 1.8518, 0.0674139)
joint_offset = Transform3D(1, 0, 0, 0, 1, 0, 0, 0, 1, -0.127662, -0.0339376, -0.0544141)
body_offset = Transform3D(0.258819, -0.97359, -1.80572e-07, 0.948957, 0.254273, 0.186599, -0.180241, -0.0482953, 0.982435, -1.30856e-08, 0.139929, 0.0288094)

[node name="Physical Bone shoulderL" parent="Human_Template_Male/metarig/Skeleton3D" index="5"]
transform = Transform3D(0.989352, -0.145481, -2.63485e-07, 0.145461, 0.992567, -1.82856e-06, -4.72842e-05, 4.38151e-05, 0.999878, 0.22441, 1.51052, -0.00157711)
joint_offset = Transform3D(1, 0, 0, 0, 1, 0, 0, 0, 1, -0.189704, 0.126655, 0.0699712)
body_offset = Transform3D(0.501644, -0.0738081, 0.861785, 0.852654, -0.125977, -0.507033, 0.145985, 0.99249, -0.000227647, 0.044212, 0.213185, -0.0979935)

[node name="Physical Bone forearmL" parent="Human_Template_Male/metarig/Skeleton3D" index="6"]
transform = Transform3D(1, -9.38665e-07, 7.25243e-07, 2.03028e-07, -0.196545, 0.980508, 4.74611e-07, -0.980493, -0.196546, 0.265598, 1.2361, 0.0234414)
joint_offset = Transform3D(1, 0, 0, 0, 1, 0, 0, 0, 1, 0.00790583, 4.08575e-05, 0.136598)
body_offset = Transform3D(-0.996978, 0.0546282, -0.0552395, 0.0546562, -0.0120875, -0.998445, -0.0552089, -0.998432, 0.00906722, 0.0154253, 0.135954, -0.0007613)

[node name="Physical Bone handL" parent="Human_Template_Male/metarig/Skeleton3D" index="7"]
transform = Transform3D(0.999991, -3.60446e-05, 8.1751e-06, -1.91089e-05, 0.167404, -0.985882, 4.75401e-06, 0.985882, 0.167405, 0.262923, 0.980461, 0.0656334)
joint_offset = Transform3D(1, 0, 0, 0, 1, 0, 0, 0, 1, 0.0260756, 0.00892117, -0.112843)
body_offset = Transform3D(-0.996628, 0.000974655, -0.0819625, -0.0819399, -0.0106855, 0.996571, 6.12538e-05, 0.999936, 0.0107305, 0.0167301, 0.114688, -0.00771134)

[node name="Physical Bone shoulderR" parent="Human_Template_Male/metarig/Skeleton3D" index="8"]
transform = Transform3D(0.999556, -1.33296e-08, 1.86058e-07, 2.21189e-09, 0.999711, -1.87008e-06, 7.09459e-07, -3.44881e-09, 0.999998, -0.203852, 1.59645, 0.0061601)
joint_offset = Transform3D(1, 0, 0, 0, 1, 0, 0, 0, 1, 0.185635, 0.0121963, 0.0622399)
body_offset = Transform3D(0.506869, 7.35752e-05, -0.861889, -0.861508, -0.000570414, -0.507094, -0.000528889, 0.999711, -0.000227742, -0.0404496, 0.191494, -0.0120804)

[node name="Physical Bone upper_armR" parent="Human_Template_Male/metarig/Skeleton3D" index="9"]
transform = Transform3D(-0.973751, -0.0768989, 0.214071, 0.217364, -0.0371819, 0.975349, -0.0670587, 0.996258, 0.052936, -0.247543, 1.48556, 0.00332825)
joint_offset = Transform3D(1, 0, 0, 0, 1, 0, 0, 0, 1, 0.000617118, -0.000447414, 0.137243)
body_offset = Transform3D(0.999967, -1.25021e-05, 1.50804e-05, 1.0289e-05, -4.45358e-05, -0.999967, 3.08454e-06, 0.999913, -3.34755e-05, -0.000619173, 0.137239, 0.000451967)

[node name="Physical Bone forearmR" parent="Human_Template_Male/metarig/Skeleton3D" index="10"]
transform = Transform3D(-0.996979, 0.0552041, 0.0546434, 0.0648784, 0.204986, 0.976603, 0.0427111, 0.977202, -0.207948, -0.282232, 1.22526, 0.0264279)
joint_offset = Transform3D(1, 0, 0, 0, 1, 0, 0, 0, 1, -0.000585044, 0.000963538, 0.148071)
body_offset = Transform3D(1, -2.8871e-06, 2.03103e-05, 1.98623e-05, 0.000142515, -0.999991, 2.06381e-06, 0.999995, 0.000141338, 0.000582039, 0.148069, -0.00098446)

[node name="Physical Bone handR" parent="Human_Template_Male/metarig/Skeleton3D" index="11"]
transform = Transform3D(0.980335, 0.196701, -0.0155016, 0.107864, -0.468471, 0.876861, 0.165218, -0.861301, -0.480479, -0.288476, 1.06144, 0.0671871)
joint_offset = Transform3D(1, 0, 0, 0, 1, 0, 0, 0, 1, 0.000991261, -0.00495217, 0.0334623)
body_offset = Transform3D(-0.983655, -0.169133, -0.0616844, -3.72529e-09, 0.342623, -0.939464, 0.18003, -0.924121, -0.337026, 0.00220159, 0.0331334, 0.0065228)

[node name="Physical Bone thighL" parent="Human_Template_Male/metarig/Skeleton3D" index="12"]
transform = Transform3D(0.995057, 0.000736796, -0.0993009, 0.099297, 0.00395898, 0.99505, 0.00113629, -0.996024, 0.00386354, 0.122398, 0.827334, 0.0158376)
joint_offset = Transform3D(1, 0, 0, 0, 1, 0, 0, 0, 1, 0.000184101, 2.1343e-05, 0.24754)
body_offset = Transform3D(1, -2.53436e-07, -2.28253e-07, -3.25008e-09, -1.58413e-05, -1, -5.27187e-06, 0.996032, 2.24262e-06, -0.000184044, 0.24754, -2.18125e-05)

[node name="Physical Bone shinL" parent="Human_Template_Male/metarig/Skeleton3D" index="13"]
transform = Transform3D(0.997615, 0.000158876, -0.0692164, 0.0691427, 0.0389614, 0.997026, 0.00285273, -1.00035, 0.0388281, 0.164117, 0.335472, 0.00518016)
joint_offset = Transform3D(1, 0, 0, 0, 1, 0, 0, 0, 1, -1.14686e-05, 3.99259e-06, 0.249721)
body_offset = Transform3D(1.00001, -1.80653e-06, -2.34794e-06, 1.08659e-06, 3.1516e-06, -1.00018, 4.6147e-07, 1.00111, -4.11272e-06, 1.2055e-05, 0.249766, -2.96999e-06)

[node name="Physical Bone footL" parent="Human_Template_Male/metarig/Skeleton3D" index="14"]
transform = Transform3D(1, 1.33145e-07, -1.76596e-07, 2.03207e-07, -0.889708, 0.456532, -1.04821e-07, -0.456532, -0.889708, 0.18264, 0.058092, 0.0509247)
joint_offset = Transform3D(1, 0, 0, 0, 1, 0, 0, 0, 1, -0.00126101, -9.0979e-05, 0.0623559)
body_offset = Transform3D(1, 4.9674e-10, 1.17787e-08, 1.05291e-08, -1.19209e-07, -1, -3.12639e-13, 1, -1.19209e-07, 0.00126101, 0.0623559, 9.09865e-05)

[node name="Physical Bone thighR" parent="Human_Template_Male/metarig/Skeleton3D" index="15"]
transform = Transform3D(0.995057, -0.000741637, 0.0993176, -0.099297, 0.00395728, 0.995042, -0.00113016, -0.996024, 0.00388102, -0.12241, 0.829045, 0.0158226)
joint_offset = Transform3D(1, 0, 0, 0, 1, 0, 0, 0, 1, -6.61146e-06, 3.7968e-06, 0.245841)
body_offset = Transform3D(1, -4.39468e-06, 1.75589e-05, 3.36699e-08, -1.36702e-05, -0.999994, -8.57282e-07, 0.996032, -1.52844e-05, 2.29478e-06, 0.245839, -2.42144e-08)

[node name="Physical Bone shinR" parent="Human_Template_Male/metarig/Skeleton3D" index="16"]
transform = Transform3D(0.997615, -0.000145139, 0.0692047, -0.0691447, 0.039642, 0.996947, -0.00285331, -1.01772, 0.0388285, -0.164105, 0.335521, 0.0051563)
joint_offset = Transform3D(1, 0, 0, 0, 1, 0, 0, 0, 1, 3.52276e-06, -2.04897e-05, 0.249692)
body_offset = Transform3D(1.00001, 1.80083e-05, -3.84249e-06, 8.70736e-07, -2.04518e-06, -1.0001, 3.81842e-08, 1.01849, -7.60704e-06, -2.563e-06, 0.249717, 2.2768e-05)

[node name="Physical Bone footR" parent="Human_Template_Male/metarig/Skeleton3D" index="17"]
transform = Transform3D(1, -1.32647e-07, 1.78118e-07, -2.03207e-07, -0.889708, 0.456532, 1.04821e-07, -0.456532, -0.889708, -0.183296, 0.0581518, 0.0510091)
joint_offset = Transform3D(1, 0, 0, 0, 1, 0, 0, 0, 1, 0.0019166, 7.59947e-07, 0.0624036)
joint_rotation = Vector3(0, 0, 0)
body_offset = Transform3D(1, 6.11067e-13, -1.02566e-08, -1.05292e-08, -1.19209e-07, -1, 7.53175e-13, 1, -1.19209e-07, -0.0019166, 0.0624037, -7.52509e-07)

[node name="MeshInstance3D" parent="Human_Template_Male" index="3"]
mesh = SubResource("CapsuleMesh_54g7o")

[node name="AnimationTree" parent="." index="2"]
parameters/Movement/playback = SubResource("AnimationNodeStateMachinePlayback_5qlbq")

[node name="Lazer" type="Node3D" parent="." index="5"]

[node name="Hmmm" type="GPUParticles3D" parent="Lazer" index="0"]

[node name="LazerHitDetect" type="RayCast3D" parent="Lazer" index="1"]
transform = Transform3D(1, 0, 0, 0, 1, 0, 0, 0, 1, 0, 1.55072, -0.123684)
enabled = false
target_position = Vector3(0, 0, -7)
collision_mask = 2

[node name="LazerBeamRight" type="MeshInstance3D" parent="Lazer" index="2"]
transform = Transform3D(1, 0, 0, 0, -4.37114e-08, 1, 0, -1, -4.37114e-08, 0.0400248, 1.88354, -3.90116)
visible = false
mesh = SubResource("CapsuleMesh_2i6ly")

[node name="LazerBeamLeft" type="MeshInstance3D" parent="Lazer" index="3"]
transform = Transform3D(1, 0, 0, 0, -4.37114e-08, 1, 0, -1, -4.37114e-08, -0.0387782, 1.88354, -3.90116)
visible = false
mesh = SubResource("CapsuleMesh_2i6ly")

[node name="LazerTimer" type="Timer" parent="Lazer" index="4"]
wait_time = 2.073

[node name="DamFrequencyLimit" type="Timer" parent="Lazer" index="5"]
wait_time = 0.2
one_shot = true

[connection signal="timeout" from="Lazer/LazerTimer" to="." method="stop_firing"]
[connection signal="timeout" from="Lazer/DamFrequencyLimit" to="." method="deal_lazer_damage"]

[editable path="Human_Template_Male"]
