[gd_scene load_steps=9 format=3 uid="uid://bll33yjqetgyw"]

[ext_resource type="PackedScene" uid="uid://dklaxvd7swq26" path="res://Characters/Character.tscn" id="1_st53p"]
[ext_resource type="Script" path="res://Characters/Freight/freight.gd" id="2_g58n0"]
[ext_resource type="Script" path="res://Characters/Resources/character_data.gd" id="3_iwc84"]
[ext_resource type="Shader" uid="uid://b3m2gpt0ey4rq" path="res://Characters/Freight/freight.tres" id="4_ge8rm"]

[sub_resource type="Resource" id="Resource_6gkbg"]
script = ExtResource("3_iwc84")
Team = "FREIGHT"
max_health = 150
single_fire = true
base_damage = 10
special_damage = 0
projectile_speed = 0.0
projectile_damage = 40
max_ammo = 10
move_speed = 10.0
acceleration = 0.1
gravity = 30.0

[sub_resource type="AnimationNodeStateMachinePlayback" id="AnimationNodeStateMachinePlayback_5qlbq"]

[sub_resource type="ShaderMaterial" id="ShaderMaterial_386yl"]
render_priority = 0
shader = ExtResource("4_ge8rm")

[sub_resource type="CapsuleMesh" id="CapsuleMesh_2i6ly"]
material = SubResource("ShaderMaterial_386yl")
radius = 0.014
height = 7.62

[node name="Freight" instance=ExtResource("1_st53p")]
script = ExtResource("2_g58n0")
character_stats = SubResource("Resource_6gkbg")

[node name="Skeleton3D" parent="Human_Template_Male/metarig" index="0"]
bones/6/rotation = Quaternion(-0.0689547, -0.00782519, -0.0210825, 0.997366)
bones/8/position = Vector3(0.0183, 0.144162, 0.0784493)
bones/31/position = Vector3(-0.0183, 0.144162, 0.0784493)

[node name="RightHookBone" parent="Human_Template_Male/metarig/Skeleton3D" index="1"]
transform = Transform3D(-0.996636, 0.0819614, -5.98207e-05, -0.0809567, -0.984304, 0.156816, 0.012794, 0.156294, 0.987628, -0.288996, 1.09661, 0.0555374)

[node name="LeftHookBone" parent="Human_Template_Male/metarig/Skeleton3D" index="2"]
transform = Transform3D(-0.996636, -0.0819601, 5.91613e-05, 0.0809554, -0.984304, 0.156817, -0.0127944, 0.156294, 0.987628, 0.288997, 1.09661, 0.0555378)

[node name="Physical Bone spine" parent="Human_Template_Male/metarig/Skeleton3D" index="3"]
transform = Transform3D(0.997375, -7.0346e-14, -4.83169e-13, -2.28313e-11, 0.999999, -2.38419e-07, -3.7619e-10, 2.68221e-07, 0.999999, -1.3941e-08, 1.37348, 0.0166578)
joint_offset = Transform3D(1, 0, 0, 0, 1, 0, 0, 0, 1, 1.39776e-08, -0.363581, -0.0718578)
body_offset = Transform3D(0.997375, -7.0346e-14, -4.83169e-13, -1.16032e-10, 0.968338, 0.249639, -3.58625e-10, -0.249639, 0.968338, -1.3941e-08, 0.370008, -0.0211814)

[node name="Physical Bone spine005" parent="Human_Template_Male/metarig/Skeleton3D" index="4"]
transform = Transform3D(0.258819, -0.968546, -1.78168e-07, 0.965922, 0.258819, 1.49012e-08, -7.51684e-07, -2.27943e-07, 0.999999, -1.28151e-08, 1.8518, 0.0674144)
joint_offset = Transform3D(1, 0, 0, 0, 1, 0, 0, 0, 1, -0.127619, -0.0341029, -0.0544146)
body_offset = Transform3D(0.258819, -0.968546, -1.78168e-07, 0.948957, 0.254273, 0.186599, -0.180241, -0.0482956, 0.982435, -1.28151e-08, 0.13993, 0.0288096)

[node name="Physical Bone shoulderL" parent="Human_Template_Male/metarig/Skeleton3D" index="5"]
transform = Transform3D(0.989303, -0.145469, -2.33031e-07, 0.145435, 0.991864, -5.97458e-07, -6.59799e-06, 3.53237e-05, 0.999878, 0.2239, 1.50699, -0.00052987)
joint_offset = Transform3D(1, 0, 0, 0, 1, 0, 0, 0, 1, -0.188192, 0.133513, 0.0689324)
body_offset = Transform3D(0.501654, -0.0738091, 0.861785, 0.852591, -0.125962, -0.507033, 0.145958, 0.991787, -0.000226416, 0.0448566, 0.212219, -0.104933)

[node name="Physical Bone forearmL" parent="Human_Template_Male/metarig/Skeleton3D" index="6"]
transform = Transform3D(1, 5.06747e-07, 3.73086e-07, 1.09896e-07, -0.196543, 0.980492, 8.13612e-07, -0.98049, -0.196543, 0.265601, 1.23516, 0.025283)
joint_offset = Transform3D(1, 0, 0, 0, 1, 0, 0, 0, 1, 0.0079028, 0.000994535, 0.141214)
body_offset = Transform3D(-0.996978, 0.054627, -0.0552383, 0.0546563, -0.0120884, -0.998429, -0.0552089, -0.998429, 0.00906658, 0.015625, 0.140572, 0.000148952)

[node name="Physical Bone handL" parent="Human_Template_Male/metarig/Skeleton3D" index="7"]
transform = Transform3D(0.999996, -8.48406e-07, 5.63855e-07, -2.29026e-06, 0.167404, -0.985883, 1.19724e-06, 0.985882, 0.167404, 0.262923, 0.980291, 0.0666463)
joint_offset = Transform3D(1, 0, 0, 0, 1, 0, 0, 0, 1, 0.0260743, 0.00852001, -0.116533)
body_offset = Transform3D(-0.996632, 0.00093918, -0.0819549, -0.0819574, -0.0106883, 0.996573, 6.01306e-05, 0.999936, 0.0107297, 0.016428, 0.118362, -0.00727066)

[node name="Physical Bone palm01L" parent="Human_Template_Male/metarig/Skeleton3D" index="8"]
transform = Transform3D(0.0287732, -0.997464, 0.0649538, -0.333477, 0.051681, 0.94134, -0.942318, -0.0487463, -0.331149, 0.286303, 1.01098, 0.0909052)
joint_offset = Transform3D(1, 0, 0, 0, 1, 0, 0, 0, 1, -0.0030106, 0.000398114, 0.0446634)
body_offset = Transform3D(0.999999, 1.86265e-07, 1.3113e-06, -6.25849e-07, 1.46404e-06, -1, -1.3411e-07, 0.999991, 4.06988e-06, 0.00301054, 0.0446634, -0.000398293)

[node name="Physical Bone shoulderR" parent="Human_Template_Male/metarig/Skeleton3D" index="9"]
transform = Transform3D(0.999556, -1.25723e-06, -3.50752e-07, 1.11462e-06, 0.999711, -1.34062e-06, 1.09648e-06, 7.78891e-07, 0.999998, -0.204004, 1.59985, 0.00612095)
joint_offset = Transform3D(1, 0, 0, 0, 1, 0, 0, 0, 1, 0.185787, 0.0121974, 0.062279)
body_offset = Transform3D(0.506869, 7.35774e-05, -0.861889, -0.861508, -0.000570422, -0.507094, -0.00052889, 0.999711, -0.000226511, -0.0404928, 0.191645, -0.0120815)

[node name="Physical Bone upper_armR" parent="Human_Template_Male/metarig/Skeleton3D" index="10"]
transform = Transform3D(-0.973774, -0.0769121, 0.21407, 0.217367, -0.0371924, 0.975349, -0.06706, 0.996316, 0.0529377, -0.247187, 1.49019, 0.0033277)
joint_offset = Transform3D(1, 0, 0, 0, 1, 0, 0, 0, 1, 0.000697916, -0.000374143, 0.135973)
body_offset = Transform3D(0.999991, -5.40912e-06, 1.44625e-05, 1.12441e-05, -3.57181e-05, -0.999967, 3.05474e-06, 0.999972, -3.3211e-05, -0.000699878, 0.135968, 0.000378646)

[node name="Physical Bone forearmR" parent="Human_Template_Male/metarig/Skeleton3D" index="11"]
transform = Transform3D(-0.996979, 0.055204, 0.0546455, 0.0648793, 0.204985, 0.976606, 0.0427116, 0.977202, -0.207947, -0.282232, 1.22361, 0.0264087)
joint_offset = Transform3D(1, 0, 0, 0, 1, 0, 0, 0, 1, -0.00025634, 0.00201786, 0.153003)
body_offset = Transform3D(1, -2.87965e-06, 1.70516e-05, 1.77175e-05, 0.000142187, -0.999994, 2.8573e-06, 0.999995, 0.000142008, 0.000253737, 0.153002, -0.00203958)

[node name="Physical Bone handR" parent="Human_Template_Male/metarig/Skeleton3D" index="12"]
transform = Transform3D(0.980335, 0.196701, -0.0155049, 0.107865, -0.46847, 0.876869, 0.165218, -0.861302, -0.480479, -0.288475, 1.06483, 0.0671866)
joint_offset = Transform3D(1, 0, 0, 0, 1, 0, 0, 0, 1, 0.000991617, -0.0049535, 0.0334655)
body_offset = Transform3D(-0.983655, -0.169133, -0.0616829, -1.47149e-07, 0.342623, -0.939472, 0.18003, -0.924121, -0.337026, 0.00220186, 0.0331371, 0.0065226)

[node name="Physical Bone thighL" parent="Human_Template_Male/metarig/Skeleton3D" index="13"]
transform = Transform3D(0.995057, 0.000737283, -0.0993009, 0.0992972, 0.00395848, 0.99505, 0.0011361, -0.996721, 0.00386304, 0.122389, 0.827416, 0.0158228)
joint_offset = Transform3D(1, 0, 0, 0, 1, 0, 0, 0, 1, 0.000184887, 5.98677e-06, 0.247458)
body_offset = Transform3D(1, -5.70668e-07, -2.1336e-07, -2.48542e-07, -1.30907e-05, -1, -5.12169e-06, 0.996729, 2.24984e-06, -0.000184834, 0.247458, -6.52298e-06)

[node name="Physical Bone shinL" parent="Human_Template_Male/metarig/Skeleton3D" index="14"]
transform = Transform3D(0.997613, 0.0001589, -0.0692074, 0.0691432, 0.0389607, 0.996947, 0.00285316, -1.00035, 0.0388229, 0.1641, 0.335474, 0.00518075)
joint_offset = Transform3D(1, 0, 0, 0, 1, 0, 0, 0, 1, 4.56365e-06, 3.74005e-06, 0.249738)
body_offset = Transform3D(1.00001, -1.80141e-06, 1.11793e-06, 4.20659e-07, 3.24473e-06, -1.0001, 3.00352e-08, 1.00111, -2.46242e-06, -4.84288e-06, 0.249763, -3.12924e-06)

[node name="Physical Bone footL" parent="Human_Template_Male/metarig/Skeleton3D" index="15"]
transform = Transform3D(1, 1.23561e-07, -2.61827e-07, 2.3641e-07, -0.889708, 0.45653, -1.82048e-07, -0.456531, -0.889708, 0.181379, 0.0580923, 0.0509251)
joint_offset = Transform3D(1, 0, 0, 0, 1, 0, 0, 0, 1, 2.90679e-08, -9.09288e-05, 0.0623558)
body_offset = Transform3D(1, 4.88484e-10, 1.17779e-08, 1.05292e-08, -1.19209e-07, -1, -3.12639e-13, 1, -1.49012e-07, -2.98023e-08, 0.0623558, 9.09381e-05)

[node name="Physical Bone thighR" parent="Human_Template_Male/metarig/Skeleton3D" index="16"]
transform = Transform3D(0.995057, -0.000741564, 0.0993008, -0.099297, 0.00395688, 0.995044, -0.00113012, -0.996649, 0.0038728, -0.12241, 0.829045, 0.0158228)
joint_offset = Transform3D(1, 0, 0, 0, 1, 0, 0, 0, 1, -2.63591e-06, 1.91258e-06, 0.24584)
body_offset = Transform3D(1, -3.61074e-06, 7.81498e-07, 3.36577e-08, -1.13444e-05, -0.999994, -8.60426e-07, 0.996657, -7.54162e-06, 2.44379e-06, 0.245839, -5.21541e-08)

[node name="Physical Bone shinR" parent="Human_Template_Male/metarig/Skeleton3D" index="17"]
transform = Transform3D(0.997613, -0.000155118, 0.0692042, -0.0691443, 0.0391642, 0.996937, -0.00285326, -1.00548, 0.0388276, -0.164101, 0.335541, 0.00518001)
joint_offset = Transform3D(1, 0, 0, 0, 1, 0, 0, 0, 1, 1.05587e-06, 1.68852e-06, 0.249675)
body_offset = Transform3D(1.00001, 6.13439e-06, -3.57255e-06, 7.13779e-07, -8.3074e-07, -1.00009, 2.49129e-08, 1.00624, -7.58097e-06, -1.63913e-07, 0.249697, 1.93715e-07)

[node name="Physical Bone footR" parent="Human_Template_Male/metarig/Skeleton3D" index="18"]
transform = Transform3D(1, -1.23073e-07, 2.63348e-07, -2.3641e-07, -0.889708, 0.45653, 1.82048e-07, -0.456531, -0.889708, -0.182035, 0.0581517, 0.0510085)
joint_offset = Transform3D(1, 0, 0, 0, 1, 0, 0, 0, 1, 0.000655548, -3.16794e-08, 0.0624028)
body_offset = Transform3D(1, 8.52651e-14, -1.02572e-08, -1.05291e-08, -1.19209e-07, -1, -7.10543e-14, 1, -1.49012e-07, -0.000655547, 0.0624028, 4.09782e-08)

[node name="AnimationTree" parent="." index="2"]
parameters/Movement/playback = SubResource("AnimationNodeStateMachinePlayback_5qlbq")

[node name="Lazer" type="Node3D" parent="." index="6"]

[node name="Hmmm" type="GPUParticles3D" parent="Lazer" index="0"]

[node name="LazerHitDetect" type="RayCast3D" parent="Lazer" index="1"]

[node name="LazerBeamRight" type="MeshInstance3D" parent="Lazer" index="2"]
transform = Transform3D(1, 0, 0, 0, -4.37114e-08, 1, 0, -1, -4.37114e-08, 0.0400248, 1.88354, -3.90116)
visible = false
mesh = SubResource("CapsuleMesh_2i6ly")

[node name="LazerBeamLeft" type="MeshInstance3D" parent="Lazer" index="3"]
transform = Transform3D(1, 0, 0, 0, -4.37114e-08, 1, 0, -1, -4.37114e-08, -0.0387782, 1.88354, -3.90116)
visible = false
mesh = SubResource("CapsuleMesh_2i6ly")

[node name="LazerTimer" type="Timer" parent="Lazer" index="4"]
wait_time = 2.073

[connection signal="timeout" from="Lazer/LazerTimer" to="." method="stop_firing"]

[editable path="Human_Template_Male"]
