[gd_scene load_steps=16 format=3 uid="uid://bll33yjqetgyw"]

[ext_resource type="PackedScene" uid="uid://dklaxvd7swq26" path="res://Characters/Character.tscn" id="1_st53p"]
[ext_resource type="Script" path="res://Characters/Freight/freight.gd" id="2_g58n0"]
[ext_resource type="Script" path="res://Characters/Resources/character_data.gd" id="3_iwc84"]
[ext_resource type="Script" path="res://Characters/Freight/Lazer.gd" id="4_rek8k"]

[sub_resource type="Resource" id="Resource_6gkbg"]
resource_local_to_scene = true
script = ExtResource("3_iwc84")
Team = "Freight"
max_health = 150
single_fire = true
base_damage = 10
special_damage = 0
projectile_damage = 40
projectile_speed = 0.0
max_ammo = 10
move_speed = 4.0
acceleration = 0.07
gravity = 30.0
dodge_force = 15.0
punch_force = 15.0

[sub_resource type="StandardMaterial3D" id="StandardMaterial3D_5bgby"]
albedo_color = Color(0, 0, 0, 1)

[sub_resource type="CapsuleMesh" id="CapsuleMesh_54g7o"]
material = SubResource("StandardMaterial3D_5bgby")
radius = 0.201
height = 0.654

[sub_resource type="AnimationNodeStateMachinePlayback" id="AnimationNodeStateMachinePlayback_5qlbq"]

[sub_resource type="Curve" id="Curve_jw53o"]
_data = [Vector2(0.00341297, 0.536364), 0.0, 0.0, 0, 0, Vector2(0.245734, 1), 0.0, 0.0, 0, 0, Vector2(1, 0), 0.0, 0.0, 0, 0]
point_count = 3

[sub_resource type="CurveTexture" id="CurveTexture_qj8tr"]
curve = SubResource("Curve_jw53o")

[sub_resource type="ParticleProcessMaterial" id="ParticleProcessMaterial_sixj4"]
direction = Vector3(0, 1, 0)
spread = 86.83
gravity = Vector3(0, 1, 0)
initial_velocity_min = 1.0
initial_velocity_max = 1.0
scale_curve = SubResource("CurveTexture_qj8tr")

[sub_resource type="StandardMaterial3D" id="StandardMaterial3D_3n7mq"]
transparency = 1
cull_mode = 2
albedo_color = Color(0.909804, 0.0862745, 0, 0.733333)
emission_enabled = true
emission = Color(0.909804, 0.0862745, 0, 1)
emission_energy_multiplier = 7.23

[sub_resource type="PlaneMesh" id="PlaneMesh_51spj"]
material = SubResource("StandardMaterial3D_3n7mq")
size = Vector2(0.05, 0.05)

[sub_resource type="StandardMaterial3D" id="StandardMaterial3D_2wgfu"]
albedo_color = Color(1, 0.113725, 0.160784, 0.807843)
emission_enabled = true
emission = Color(0.886275, 0.129412, 0, 1)
emission_energy_multiplier = 6.6

[sub_resource type="CapsuleMesh" id="CapsuleMesh_2i6ly"]
material = SubResource("StandardMaterial3D_2wgfu")
flip_faces = true
radius = 0.009
height = 0.097

[node name="Freight" instance=ExtResource("1_st53p")]
script = ExtResource("2_g58n0")
character_stats = SubResource("Resource_6gkbg")

[node name="Skeleton3D" parent="Human_Template_Male/metarig" index="0"]
bones/6/rotation = Quaternion(-0.0652616, -0.00898963, -0.0242197, 0.997534)
bones/8/position = Vector3(0.0183, 0.144438, 0.0784571)
bones/9/rotation = Quaternion(-0.312045, 0.649102, -0.544663, 0.429694)
bones/10/rotation = Quaternion(0.129565, 0.0485115, -0.081279, 0.987043)
bones/11/rotation = Quaternion(-0.0243313, -0.0279711, -0.0689896, 0.996928)
bones/12/position = Vector3(-0.00346932, 0.0455734, 0.0164307)
bones/12/rotation = Quaternion(0.0566486, 0.718916, 0.0704851, 0.68919)
bones/13/position = Vector3(0.00180202, 0.078071, -0.0074433)
bones/13/rotation = Quaternion(0.368316, -0.109303, -0.0933118, 0.918526)
bones/14/rotation = Quaternion(0.446082, -0.155353, 0.0168038, 0.881245)
bones/15/rotation = Quaternion(0.516362, -0.164087, -0.0219088, 0.840217)
bones/16/rotation = Quaternion(-0.0584705, 0.844629, 0.252627, 0.468362)
bones/17/rotation = Quaternion(0.154636, -0.183161, -0.0381594, 0.970095)
bones/18/rotation = Quaternion(0.220019, -0.198354, 0.0720774, 0.952393)
bones/19/position = Vector3(-0.0063056, 0.0478836, -0.000395747)
bones/19/rotation = Quaternion(0.0245994, 0.708734, 0.0453042, 0.70359)
bones/20/position = Vector3(0.00115946, 0.0744285, -0.00174812)
bones/20/rotation = Quaternion(0.411219, -0.111518, -0.0640329, 0.90242)
bones/21/rotation = Quaternion(0.480827, -0.183785, -0.00288841, 0.857333)
bones/22/rotation = Quaternion(0.461127, -0.192141, -0.0437816, 0.865174)
bones/23/position = Vector3(-0.00524281, 0.0462884, -0.0158962)
bones/23/rotation = Quaternion(-0.0278016, 0.686582, 0.0100445, 0.726452)
bones/24/position = Vector3(0.000427327, 0.0718996, 0.00263913)
bones/24/rotation = Quaternion(0.478242, -0.105038, -0.0573747, 0.870034)
bones/25/rotation = Quaternion(0.446156, -0.160816, -0.0409236, 0.879437)
bones/26/rotation = Quaternion(0.546327, -0.196733, -0.0772342, 0.810468)
bones/27/position = Vector3(-0.00223537, 0.0428857, -0.0306962)
bones/27/rotation = Quaternion(-0.0609088, 0.686362, -0.042615, 0.723451)
bones/28/position = Vector3(-0.00023709, 0.0699704, 0.00659641)
bones/28/rotation = Quaternion(0.502121, -0.159704, -0.00679778, 0.849896)
bones/29/rotation = Quaternion(0.451583, -0.162279, -0.136094, 0.866728)
bones/30/rotation = Quaternion(0.423475, -0.232181, 0.018863, 0.875446)
bones/31/position = Vector3(-0.0183, 0.144438, 0.0784572)
bones/31/rotation = Quaternion(-0.605155, 0.345862, 0.356135, 0.622363)
bones/32/rotation = Quaternion(-0.312045, -0.649102, 0.544663, 0.429694)
bones/33/rotation = Quaternion(0.129565, -0.0485115, 0.0812791, 0.987043)
bones/34/rotation = Quaternion(-0.0243313, 0.0279711, 0.0689896, 0.996928)
bones/35/position = Vector3(0.00346939, 0.0455734, 0.0164307)
bones/35/rotation = Quaternion(0.0566485, -0.718916, -0.0704851, 0.68919)
bones/36/position = Vector3(-0.00180203, 0.0780709, -0.00744328)
bones/36/rotation = Quaternion(0.368316, 0.109303, 0.0933118, 0.918526)
bones/37/rotation = Quaternion(0.446082, 0.155353, -0.0168038, 0.881245)
bones/38/rotation = Quaternion(0.516362, 0.164087, 0.0219089, 0.840217)
bones/39/rotation = Quaternion(-0.0584705, -0.844629, -0.252627, 0.468362)
bones/40/rotation = Quaternion(0.154636, 0.183161, 0.0381594, 0.970095)
bones/41/rotation = Quaternion(0.220019, 0.198354, -0.0720774, 0.952393)
bones/42/position = Vector3(0.00630558, 0.0478836, -0.000395731)
bones/42/rotation = Quaternion(0.0245994, -0.708734, -0.0453042, 0.70359)
bones/43/position = Vector3(-0.00115949, 0.0744287, -0.00174818)
bones/43/rotation = Quaternion(0.411219, 0.111518, 0.0640329, 0.90242)
bones/44/rotation = Quaternion(0.480827, 0.183785, 0.00288843, 0.857333)
bones/45/rotation = Quaternion(0.461127, 0.192141, 0.0437816, 0.865174)
bones/46/position = Vector3(0.00524282, 0.0462883, -0.0158963)
bones/46/rotation = Quaternion(-0.0278016, -0.686582, -0.0100445, 0.726452)
bones/47/position = Vector3(-0.000427292, 0.0718996, 0.00263915)
bones/47/rotation = Quaternion(0.478242, 0.105038, 0.0573747, 0.870034)
bones/48/rotation = Quaternion(0.446156, 0.160816, 0.0409237, 0.879437)
bones/49/rotation = Quaternion(0.546327, 0.196733, 0.0772342, 0.810468)
bones/50/position = Vector3(0.0022354, 0.0428858, -0.0306962)
bones/50/rotation = Quaternion(-0.0609088, -0.686362, 0.042615, 0.723451)
bones/51/position = Vector3(0.000237069, 0.0699703, 0.00659639)
bones/51/rotation = Quaternion(0.502121, 0.159704, 0.00679779, 0.849896)
bones/52/rotation = Quaternion(0.451583, 0.162279, 0.136094, 0.866728)
bones/53/rotation = Quaternion(0.423475, 0.232181, -0.018863, 0.875446)
bones/56/rotation = Quaternion(0.991071, 0.0493749, -0.00578962, 0.123721)
bones/58/rotation = Quaternion(-0.537469, -0.0186868, 0.0291454, 0.842573)
bones/61/rotation = Quaternion(0.991071, -0.0493749, 0.00578962, 0.123721)
bones/63/rotation = Quaternion(-0.537469, 0.0186868, -0.0291454, 0.842573)
bones/64/rotation = Quaternion(1.07113e-07, 0.990703, -0.136045, -1.0196e-06)

[node name="RightHookBone" parent="Human_Template_Male/metarig/Skeleton3D" index="1"]
transform = Transform3D(-0.996636, 0.0819602, -5.96941e-05, -0.0809554, -0.984304, 0.156818, 0.0127941, 0.156295, 0.987628, -0.288997, 1.09688, 0.0555382)

[node name="LeftHookBone" parent="Human_Template_Male/metarig/Skeleton3D" index="2"]
transform = Transform3D(-0.996636, -0.0819603, 5.95488e-05, 0.0809555, -0.984304, 0.156818, -0.0127942, 0.156295, 0.987628, 0.288997, 1.09688, 0.0555382)

[node name="Physical Bone spine" parent="Human_Template_Male/metarig/Skeleton3D" index="3"]
transform = Transform3D(0.966983, -7.0346e-14, -4.83169e-13, -9.46168e-11, 0.999999, -2.38419e-07, -1.57669e-09, 2.68221e-07, 0.999999, -1.3404e-08, 1.37348, 0.0166599)
joint_offset = Transform3D(1, 0, 0, 0, 1, 0, 0, 0, 1, 1.38616e-08, -0.363581, -0.0718598)
body_offset = Transform3D(0.966984, -7.0346e-14, -4.83169e-13, -4.8523e-10, 0.968338, 0.249639, -1.50317e-09, -0.249639, 0.968338, -1.3404e-08, 0.370009, -0.0211794)

[node name="Physical Bone spine005" parent="Human_Template_Male/metarig/Skeleton3D" index="4"]
transform = Transform3D(0.258819, -0.998937, -1.92658e-07, 0.965922, 0.258819, 1.49012e-08, -7.51684e-07, 5.46594e-08, 0.999999, -1.45964e-08, 1.8518, 0.0674139)
joint_offset = Transform3D(1, 0, 0, 0, 1, 0, 0, 0, 1, -0.127878, -0.0331324, -0.0544141)
body_offset = Transform3D(0.258819, -0.998937, -1.92658e-07, 0.948957, 0.254273, 0.186599, -0.180241, -0.0482953, 0.982435, -1.45964e-08, 0.139929, 0.0288094)

[node name="Physical Bone shoulderL" parent="Human_Template_Male/metarig/Skeleton3D" index="5"]
transform = Transform3D(0.989352, -0.145481, -2.66759e-07, 0.145461, 0.992567, -8.01655e-06, -4.72842e-05, 4.38151e-05, 0.999878, 0.226484, 1.5443, -0.00703201)
joint_offset = Transform3D(1, 0, 0, 0, 1, 0, 0, 0, 1, -0.196111, 0.0973423, 0.0754277)
body_offset = Transform3D(0.501644, -0.0738081, 0.861785, 0.852654, -0.125977, -0.507033, 0.145985, 0.99249, -0.000233835, 0.0405599, 0.217722, -0.0679644)

[node name="Physical Bone forearmL" parent="Human_Template_Male/metarig/Skeleton3D" index="6"]
transform = Transform3D(1.00003, -7.33774e-07, 5.55685e-07, 3.75882e-06, -0.196545, 0.980509, 2.151e-06, -0.980493, -0.196546, 0.265598, 1.26214, 0.0141158)
joint_offset = Transform3D(1, 0, 0, 0, 1, 0, 0, 0, 1, 0.00790566, -0.00472004, 0.112901)
body_offset = Transform3D(-0.997012, 0.054628, -0.0552394, 0.0546549, -0.0120876, -0.998446, -0.0552084, -0.998432, 0.0090676, 0.0143765, 0.112237, -0.00529993)

[node name="Physical Bone handL" parent="Human_Template_Male/metarig/Skeleton3D" index="7"]
transform = Transform3D(0.999991, -0.000379184, 8.19e-06, -1.90862e-05, 0.167404, -0.985882, 4.84983e-06, 0.985882, 0.167405, 0.262923, 1.00619, 0.059753)
joint_offset = Transform3D(1, 0, 0, 0, 1, 0, 0, 0, 1, 0.0260793, 0.0110393, -0.0901903)
body_offset = Transform3D(-0.996628, 0.00131664, -0.0819625, -0.0819399, -0.0106573, 0.996571, 6.13508e-05, 0.999936, 0.0107305, 0.0185846, 0.0921357, -0.0100724)

[node name="Physical Bone shoulderR" parent="Human_Template_Male/metarig/Skeleton3D" index="8"]
transform = Transform3D(0.999557, -1.55997e-08, 1.89332e-07, 1.97906e-09, 0.999712, -8.05798e-06, 6.79657e-07, -4.49655e-09, 0.999998, -0.202874, 1.61582, 0.00611158)
joint_offset = Transform3D(1, 0, 0, 0, 1, 0, 0, 0, 1, 0.184656, -0.00342987, 0.0622885)
body_offset = Transform3D(0.506869, 7.3575e-05, -0.861889, -0.861508, -0.000570412, -0.507094, -0.000528889, 0.999711, -0.00023393, -0.0399106, 0.190667, 0.00354111)

[node name="Physical Bone upper_armR" parent="Human_Template_Male/metarig/Skeleton3D" index="9"]
transform = Transform3D(-0.973726, -0.0768933, 0.214034, 0.217359, -0.0371776, 0.975245, -0.067057, 0.996239, 0.0529266, -0.249311, 1.48354, 0.00332849)
joint_offset = Transform3D(1, 0, 0, 0, 1, 0, 0, 0, 1, 0.000146966, -0.000797727, 0.143261)
body_offset = Transform3D(0.999942, -1.5825e-05, 2.83932e-05, 9.6627e-06, -4.89019e-05, -0.999857, 3.07709e-06, 0.999894, -3.61912e-05, -0.000151038, 0.143241, 0.000802826)

[node name="Physical Bone forearmR" parent="Human_Template_Male/metarig/Skeleton3D" index="10"]
transform = Transform3D(-0.996979, 0.0552041, 0.0546424, 0.0648775, 0.204986, 0.976603, 0.0427111, 0.977202, -0.207949, -0.282232, 1.25621, 0.0265957)
joint_offset = Transform3D(1, 0, 0, 0, 1, 0, 0, 0, 1, -0.00235743, -0.00477746, 0.121535)
body_offset = Transform3D(1, -2.89083e-06, 2.12798e-05, 2.07536e-05, 0.000142604, -0.999991, 1.87382e-06, 0.999995, 0.000140816, 0.00235483, 0.121535, 0.00476032)

[node name="Physical Bone handR" parent="Human_Template_Male/metarig/Skeleton3D" index="11"]
transform = Transform3D(0.980335, 0.196701, -0.0155013, 0.107864, -0.468471, 0.876857, 0.165218, -0.861301, -0.480478, -0.288476, 1.06518, 0.0671871)
joint_offset = Transform3D(1, 0, 0, 0, 1, 0, 0, 0, 1, 0.000991247, -0.00495223, 0.0334624)
body_offset = Transform3D(-0.983655, -0.169133, -0.0616845, 2.23517e-08, 0.342623, -0.939461, 0.18003, -0.924121, -0.337026, 0.00220157, 0.0331334, 0.00652279)

[node name="Physical Bone thighL" parent="Human_Template_Male/metarig/Skeleton3D" index="12"]
transform = Transform3D(0.995057, 0.000736796, -0.099301, 0.099297, 0.00395898, 0.99505, 0.00113637, -0.996024, 0.00386354, 0.122398, 0.827334, 0.0158376)
joint_offset = Transform3D(1, 0, 0, 0, 1, 0, 0, 0, 1, 0.000184054, 2.13523e-05, 0.24754)
body_offset = Transform3D(1, -2.53553e-07, -2.80403e-07, 2.62389e-08, -1.58427e-05, -1, -5.35301e-06, 0.996032, 2.23913e-06, -0.000183985, 0.24754, -2.18209e-05)

[node name="Physical Bone shinL" parent="Human_Template_Male/metarig/Skeleton3D" index="13"]
transform = Transform3D(0.997615, 0.00015867, -0.0692164, 0.0691429, 0.0389673, 0.997026, 0.00285176, -1.00051, 0.0388282, 0.164117, 0.335472, 0.00518013)
joint_offset = Transform3D(1, 0, 0, 0, 1, 0, 0, 0, 1, -1.14705e-05, 3.98822e-06, 0.249721)
body_offset = Transform3D(1.00001, -2.05613e-06, -2.39987e-06, 9.60208e-07, 3.40492e-06, -1.00018, 1.43377e-06, 1.00127, -4.19468e-06, 1.20699e-05, 0.249766, -2.94577e-06)

[node name="Physical Bone footL" parent="Human_Template_Male/metarig/Skeleton3D" index="14"]
transform = Transform3D(1, 1.38335e-07, -1.76595e-07, 2.03207e-07, -0.889708, 0.456532, -1.04821e-07, -0.456532, -0.889709, 0.188977, 0.0580919, 0.0509248)
joint_offset = Transform3D(1, 0, 0, 0, 1, 0, 0, 0, 1, -0.00759791, -9.0992e-05, 0.062356)
body_offset = Transform3D(1, 5.6872e-09, 1.17795e-08, 1.05289e-08, -1.49012e-07, -1, -3.12639e-13, 1, -1.49012e-07, 0.00759791, 0.0623561, 9.10014e-05)

[node name="Physical Bone thighR" parent="Human_Template_Male/metarig/Skeleton3D" index="15"]
transform = Transform3D(0.995057, -0.000741639, 0.099349, -0.099297, 0.00395728, 0.995039, -0.00113016, -0.996024, 0.00388125, -0.12241, 0.829045, 0.0158226)
joint_offset = Transform3D(1, 0, 0, 0, 1, 0, 0, 0, 1, -1.43813e-05, 3.84485e-06, 0.245841)
body_offset = Transform3D(1, -4.39631e-06, 4.9164e-05, 3.36727e-08, -1.367e-05, -0.999994, -8.56584e-07, 0.996032, -1.55473e-05, 2.29478e-06, 0.245839, -7.45058e-09)

[node name="Physical Bone shinR" parent="Human_Template_Male/metarig/Skeleton3D" index="16"]
transform = Transform3D(0.997615, -0.000135388, 0.0692047, -0.0691447, 0.0400992, 0.996947, -0.00285331, -1.02948, 0.0388286, -0.164105, 0.33552, 0.00515625)
joint_offset = Transform3D(1, 0, 0, 0, 1, 0, 0, 0, 1, 3.43733e-06, -2.02512e-05, 0.249694)
body_offset = Transform3D(1.00001, 2.96568e-05, -3.85747e-06, 9.38002e-07, -2.27615e-06, -1.0001, 4.09782e-08, 1.03026, -7.63312e-06, -2.47359e-06, 0.249719, 2.27699e-05)

[node name="Physical Bone footR" parent="Human_Template_Male/metarig/Skeleton3D" index="17"]
transform = Transform3D(1, -1.32647e-07, 1.78971e-07, -2.03208e-07, -0.889708, 0.456532, 1.0482e-07, -0.456532, -0.889709, -0.189633, 0.0581519, 0.0510096)
joint_offset = Transform3D(1, 0, 0, 0, 1, 0, 0, 0, 1, 0.00825362, 1.08218e-06, 0.062404)
joint_rotation = Vector3(0, 0, 0)
body_offset = Transform3D(1, 9.52127e-13, -9.40395e-09, -1.05292e-08, -1.49012e-07, -1, 1.50635e-12, 1, -1.49012e-07, -0.00825362, 0.0624041, -1.07288e-06)

[node name="MeshInstance3D" parent="Human_Template_Male" index="3"]
mesh = SubResource("CapsuleMesh_54g7o")

[node name="AnimationTree" parent="." index="2"]
parameters/Movement/playback = SubResource("AnimationNodeStateMachinePlayback_5qlbq")

[node name="Lazer" type="Node3D" parent="." index="5"]
script = ExtResource("4_rek8k")

[node name="HitParticles" type="GPUParticles3D" parent="Lazer" index="0"]
transform = Transform3D(1, 0, 0, 0, -4.37114e-08, -1, 0, 1, -4.37114e-08, 0, 1.89483, -0.357521)
emitting = false
amount = 25
lifetime = 0.4
fixed_fps = 60
interpolate = false
transform_align = 1
process_material = SubResource("ParticleProcessMaterial_sixj4")
draw_pass_1 = SubResource("PlaneMesh_51spj")

[node name="LazerHitDetect" type="RayCast3D" parent="Lazer" index="1"]
transform = Transform3D(1, 0, 0, 0, 1, 0, 0, 0, 1, 0, 1.55072, -0.123684)
enabled = false
target_position = Vector3(0, 0, -10)
collision_mask = 3
collide_with_areas = true

[node name="LazerBeamRight" type="MeshInstance3D" parent="Lazer" index="2"]
transform = Transform3D(1, 0, 0, 0, -4.37114e-08, 1, 0, -1, -4.37114e-08, 0.0400248, 1.88354, -0.221763)
visible = false
mesh = SubResource("CapsuleMesh_2i6ly")

[node name="LazerBeamLeft" type="MeshInstance3D" parent="Lazer" index="3"]
transform = Transform3D(1, 0, 0, 0, -4.37114e-08, 1, 0, -1, -4.37114e-08, -0.0387782, 1.88354, -0.222913)
visible = false
mesh = SubResource("CapsuleMesh_2i6ly")

[node name="LazerTimer" type="Timer" parent="Lazer" index="4"]
wait_time = 2.073
one_shot = true

[node name="DamFrequencyLimit" type="Timer" parent="Lazer" index="5"]
wait_time = 0.2
one_shot = true

[node name="Raycast" type="RayCast3D" parent="Lazer" index="6"]
transform = Transform3D(1, 0, 0, 0, 1, 0, 0, 0, 1, 0, 1.86723, -0.16723)
target_position = Vector3(0, 0, -10)
collision_mask = 3

[connection signal="timeout" from="Lazer/LazerTimer" to="." method="stop_firing"]
[connection signal="timeout" from="Lazer/DamFrequencyLimit" to="Lazer" method="check_raycast"]

[editable path="Human_Template_Male"]
