[gd_scene load_steps=9 format=3 uid="uid://dyuj6u1valaav"]

[ext_resource type="PackedScene" uid="uid://dklaxvd7swq26" path="res://Characters/Character.tscn" id="1_ghmgr"]
[ext_resource type="Script" path="res://Characters/Produce/produce_clerk.gd" id="2_qs8a6"]
[ext_resource type="Script" path="res://Characters/Resources/character_data.gd" id="3_mnuln"]
[ext_resource type="PackedScene" uid="uid://bn6sd3oo5jas0" path="res://Projectile/Banana/banana.tscn" id="4_uhrw3"]

[sub_resource type="Resource" id="Resource_rbgue"]
resource_local_to_scene = true
script = ExtResource("3_mnuln")
Team = "Produce"
max_health = 90
single_fire = true
base_damage = 10
special_damage = 0
projectile_damage = 15
projectile_speed = 30.0
max_ammo = 15
move_speed = 6.0
acceleration = 0.2
gravity = 30.0
dodge_force = 15.0
punch_force = 8.0

[sub_resource type="StandardMaterial3D" id="StandardMaterial3D_7786n"]
albedo_color = Color(0, 0.415686, 0.0941176, 1)

[sub_resource type="CapsuleMesh" id="CapsuleMesh_ar1ci"]
material = SubResource("StandardMaterial3D_7786n")
radius = 0.201
height = 0.654

[sub_resource type="AnimationNodeStateMachinePlayback" id="AnimationNodeStateMachinePlayback_add65"]

[node name="ProduceClerk" instance=ExtResource("1_ghmgr")]
script = ExtResource("2_qs8a6")
character_stats = SubResource("Resource_rbgue")
projectile = ExtResource("4_uhrw3")

[node name="Skeleton3D" parent="Human_Template_Male/metarig" index="0"]
bones/6/rotation = Quaternion(-0.0932217, -0.000155302, -0.000418411, 0.995645)
bones/8/position = Vector3(0.0183, 0.137576, 0.0782611)
bones/31/position = Vector3(-0.0183, 0.137576, 0.0782611)

[node name="RightHookBone" parent="Human_Template_Male/metarig/Skeleton3D" index="1"]
transform = Transform3D(-0.996636, 0.0819602, -5.96941e-05, -0.0809554, -0.984304, 0.156818, 0.0127941, 0.156295, 0.987628, -0.288997, 1.09002, 0.0555382)

[node name="LeftHookBone" parent="Human_Template_Male/metarig/Skeleton3D" index="2"]
transform = Transform3D(-0.996636, -0.0819603, 5.95488e-05, 0.0809555, -0.984304, 0.156818, -0.0127942, 0.156295, 0.987628, 0.288997, 1.09002, 0.0555382)

[node name="Physical Bone spine" parent="Human_Template_Male/metarig/Skeleton3D" index="3"]
transform = Transform3D(0.998351, -7.0346e-14, -4.83169e-13, -1.23277e-11, 0.999999, -2.38419e-07, -1.84031e-10, 2.68221e-07, 0.999999, -1.38858e-08, 1.37348, 0.01666)
joint_offset = Transform3D(1, 0, 0, 0, 1, 0, 0, 0, 1, 1.39087e-08, -0.363582, -0.07186)
body_offset = Transform3D(0.998351, -7.0346e-14, -4.83169e-13, -5.78808e-11, 0.968338, 0.249639, -1.75135e-10, -0.249639, 0.968338, -1.38858e-08, 0.370009, -0.0211794)

[node name="Physical Bone spine005" parent="Human_Template_Male/metarig/Skeleton3D" index="4"]
transform = Transform3D(0.258819, -0.96757, -1.77703e-07, 0.965922, 0.258819, 1.49012e-08, -7.51684e-07, -2.27686e-07, 0.999999, -1.28112e-08, 1.8518, 0.0674139)
joint_offset = Transform3D(1, 0, 0, 0, 1, 0, 0, 0, 1, -0.127609, -0.0341347, -0.0544142)
body_offset = Transform3D(0.258819, -0.96757, -1.77703e-07, 0.948957, 0.254273, 0.186599, -0.180241, -0.0482956, 0.982435, -1.28112e-08, 0.139929, 0.0288094)

[node name="Physical Bone shoulderL" parent="Human_Template_Male/metarig/Skeleton3D" index="5"]
transform = Transform3D(0.989355, -0.145452, -2.62707e-07, 0.145441, 0.990888, -3.59156e-07, -5.1154e-05, 2.38915e-05, 0.999878, 0.223795, 1.50142, -0.000334301)
joint_offset = Transform3D(1, 0, 0, 0, 1, 0, 0, 0, 1, -0.18823, 0.132477, 0.0687299)
body_offset = Transform3D(0.501642, -0.0738103, 0.861785, 0.852658, -0.125941, -0.507033, 0.145965, 0.990811, -0.000226178, 0.0449715, 0.212028, -0.103769)

[node name="Physical Bone forearmL" parent="Human_Template_Male/metarig/Skeleton3D" index="6"]
transform = Transform3D(1.00003, -1.36335e-06, 6.06674e-07, 3.92459e-06, -0.196546, 0.980496, 2.31119e-06, -0.980493, -0.196544, 0.266811, 1.22857, 0.0253595)
joint_offset = Transform3D(1, 0, 0, 0, 1, 0, 0, 0, 1, 0.00669296, 0.00109538, 0.141098)
body_offset = Transform3D(-0.997012, 0.0546287, -0.0552387, 0.0546547, -0.0120873, -0.998433, -0.0552082, -0.998432, 0.00906667, 0.0144072, 0.140524, 0.00018388)

[node name="Physical Bone handL" parent="Human_Template_Male/metarig/Skeleton3D" index="7"]
transform = Transform3D(0.999991, -2.64738e-05, 8.79187e-05, -1.91014e-05, 0.167405, -0.985876, 4.75317e-06, 0.985887, 0.167405, 0.262923, 0.972114, 0.0667774)
joint_offset = Transform3D(1, 0, 0, 0, 1, 0, 0, 0, 1, 0.026085, 0.00863405, -0.117987)
body_offset = Transform3D(-0.996628, 0.000965126, -0.0820415, -0.0819399, -0.0106864, 0.996558, 6.12538e-05, 0.999942, 0.0107306, 0.0163089, 0.11981, -0.00736907)

[node name="Physical Bone shoulderR" parent="Human_Template_Male/metarig/Skeleton3D" index="8"]
transform = Transform3D(0.999557, -3.06172e-08, 1.8528e-07, 1.57161e-09, 0.999712, -3.99712e-07, 5.00843e-07, -7.69797e-09, 0.999998, -0.204136, 1.59119, 0.00612736)
joint_offset = Transform3D(1, 0, 0, 0, 1, 0, 0, 0, 1, 0.185919, 0.0141338, 0.0622727)
body_offset = Transform3D(0.50687, 7.35702e-05, -0.861889, -0.861509, -0.000570398, -0.507094, -0.00052889, 0.999712, -0.000226272, -0.0405654, 0.191757, -0.0140173)

[node name="Physical Bone upper_armR" parent="Human_Template_Male/metarig/Skeleton3D" index="9"]
transform = Transform3D(-0.973682, -0.0769058, 0.214056, 0.217352, -0.037187, 0.975313, -0.0670508, 0.996287, 0.0529308, -0.246385, 1.48322, 0.00332851)
joint_offset = Transform3D(1, 0, 0, 0, 1, 0, 0, 0, 1, 0.00153134, -0.000321849, 0.136046)
body_offset = Transform3D(0.999897, -8.9258e-06, 2.19247e-05, 6.45919e-06, -3.95887e-05, -0.999928, 6.04987e-06, 0.999943, -3.61614e-05, -0.00153416, 0.136037, 0.000326741)

[node name="Physical Bone forearmR" parent="Human_Template_Male/metarig/Skeleton3D" index="10"]
transform = Transform3D(-0.996989, 0.0552037, 0.0546438, 0.0648756, 0.204986, 0.976601, 0.0427123, 0.977201, -0.207949, -0.281551, 1.21741, 0.0262089)
joint_offset = Transform3D(1, 0, 0, 0, 1, 0, 0, 0, 1, 0.00039631, 0.0020678, 0.152408)
body_offset = Transform3D(1.00001, -2.55555e-06, 1.97636e-05, 2.34051e-05, 0.000142246, -0.999989, 2.06009e-06, 0.999994, 0.000140712, -0.000399321, 0.152406, -0.00208923)

[node name="Physical Bone handR" parent="Human_Template_Male/metarig/Skeleton3D" index="11"]
transform = Transform3D(0.980335, 0.196701, -0.0154994, 0.107864, -0.468471, 0.876835, 0.165218, -0.861301, -0.480474, -0.288485, 1.0581, 0.0671871)
joint_offset = Transform3D(1, 0, 0, 0, 1, 0, 0, 0, 1, 0.00100076, -0.0049543, 0.0334697)
body_offset = Transform3D(-0.983655, -0.169133, -0.0616845, -3.72529e-09, 0.342623, -0.939438, 0.18003, -0.924121, -0.337026, 0.00221103, 0.0331402, 0.00652161)

[node name="Physical Bone thighL" parent="Human_Template_Male/metarig/Skeleton3D" index="12"]
transform = Transform3D(0.995057, 0.000739027, -0.099301, 0.0992972, 0.00395898, 0.99505, 0.00113284, -0.998351, 0.00386354, 0.122455, 0.827198, 0.0158376)
joint_offset = Transform3D(1, 0, 0, 0, 1, 0, 0, 0, 1, 0.000140174, 2.17906e-05, 0.247681)
body_offset = Transform3D(1, -6.65779e-07, -2.95303e-07, -2.20872e-07, -6.61868e-06, -1, -1.81876e-06, 0.998359, 2.23797e-06, -0.000140101, 0.247681, -2.23089e-05)

[node name="Physical Bone shinL" parent="Human_Template_Male/metarig/Skeleton3D" index="13"]
transform = Transform3D(0.997615, 0.000158778, -0.069215, 0.0691428, 0.0389673, 0.997006, 0.00285212, -1.00051, 0.0388257, 0.164117, 0.335472, 0.00518014)
joint_offset = Transform3D(1, 0, 0, 0, 1, 0, 0, 0, 1, -1.14631e-05, 3.5655e-06, 0.249726)
body_offset = Transform3D(1.00001, -1.94879e-06, -2.36977e-06, 1.05826e-06, 3.41982e-06, -1.00016, 1.07661e-06, 1.00127, -2.46242e-06, 1.2055e-05, 0.249766, -2.95509e-06)

[node name="Physical Bone footL" parent="Human_Template_Male/metarig/Skeleton3D" index="14"]
transform = Transform3D(1, 1.32609e-07, -1.77768e-07, 2.03207e-07, -0.889708, 0.456532, -1.04821e-07, -0.456532, -0.889708, 0.18159, 0.0580917, 0.050925)
joint_offset = Transform3D(1, 0, 0, 0, 1, 0, 0, 0, 1, -0.000210941, -9.11112e-05, 0.0623562)
body_offset = Transform3D(1, -3.91509e-11, 1.06068e-08, 1.05289e-08, -1.49012e-07, -1, -3.12639e-13, 1, -1.49012e-07, 0.000210941, 0.0623563, 9.11206e-05)

[node name="Physical Bone thighR" parent="Human_Template_Male/metarig/Skeleton3D" index="15"]
transform = Transform3D(0.99505, -0.000741563, 0.0993008, -0.0992963, 0.00395869, 0.99505, -0.00113016, -0.998351, 0.00387251, -0.12241, 0.829008, 0.0158244)
joint_offset = Transform3D(1, 0, 0, 0, 1, 0, 0, 0, 1, -5.32319e-06, 3.59535e-06, 0.245876)
body_offset = Transform3D(0.999993, -1.8283e-06, 7.45868e-08, 2.61912e-08, -6.08084e-06, -1, -8.56235e-07, 0.998359, -6.72764e-06, 5.30481e-06, 0.245876, -1.93529e-06)

[node name="Physical Bone shinR" parent="Human_Template_Male/metarig/Skeleton3D" index="16"]
transform = Transform3D(0.997615, -0.000157065, 0.0692038, -0.0691448, 0.0390724, 0.997065, -0.00285332, -1.00311, 0.0388335, -0.164105, 0.335538, 0.00517834)
joint_offset = Transform3D(1, 0, 0, 0, 1, 0, 0, 0, 1, 7.01871e-06, 5.93712e-07, 0.249646)
body_offset = Transform3D(1.00001, 3.80841e-06, -1.28346e-05, 1.02769e-06, -5.55068e-07, -1.00022, 4.47035e-08, 1.00387, -7.97957e-06, -3.8147e-06, 0.2497, 1.39605e-06)

[node name="Physical Bone footR" parent="Human_Template_Male/metarig/Skeleton3D" index="17"]
transform = Transform3D(1, -1.32505e-07, 1.78118e-07, -2.03208e-07, -0.889708, 0.456532, 1.0482e-07, -0.456532, -0.889708, -0.181791, 0.0581519, 0.0510091)
joint_offset = Transform3D(1, 0, 0, 0, 1, 0, 0, 0, 1, 0.000411183, 8.51214e-07, 0.0624036)
joint_rotation = Vector3(0, 0, 0)
body_offset = Transform3D(1, 1.42997e-10, -1.02566e-08, -1.05295e-08, -1.49012e-07, -1, 1.40687e-12, 1, -1.49012e-07, -0.000411183, 0.0624037, -8.41916e-07)

[node name="ProjectilePlacement" parent="Human_Template_Male" index="2"]
transform = Transform3D(1, 0, 0, 0, 0.97381, 0.227366, 0, -0.227366, 0.97381, -0.26745, 1.25401, 0.260283)

[node name="MeshInstance3D" parent="Human_Template_Male" index="3"]
transform = Transform3D(1, 0, 0, 0, 1, 0, 0, 0, 1, 0, 1.37083, 0.0191188)
mesh = SubResource("CapsuleMesh_ar1ci")

[node name="AnimationTree" parent="." index="2"]
parameters/Movement/playback = SubResource("AnimationNodeStateMachinePlayback_add65")

[editable path="Human_Template_Male"]
