[gd_scene load_steps=9 format=3 uid="uid://dyuj6u1valaav"]

[ext_resource type="PackedScene" uid="uid://dklaxvd7swq26" path="res://Characters/Character.tscn" id="1_ghmgr"]
[ext_resource type="Script" path="res://Characters/Produce/produce_clerk.gd" id="2_qs8a6"]
[ext_resource type="Script" path="res://Characters/Resources/character_data.gd" id="3_mnuln"]
[ext_resource type="PackedScene" uid="uid://bn6sd3oo5jas0" path="res://Projectile/Banana/banana.tscn" id="4_uhrw3"]

[sub_resource type="Resource" id="Resource_rbgue"]
resource_local_to_scene = true
script = ExtResource("3_mnuln")
Team = "Produce"
max_health = 90
single_fire = true
base_damage = 10
special_damage = 0
projectile_damage = 15
projectile_speed = 30.0
max_ammo = 15
move_speed = 9.0
acceleration = 0.1
gravity = 30.0
dodge_force = 15.0
punch_force = 8.0

[sub_resource type="StandardMaterial3D" id="StandardMaterial3D_7786n"]
albedo_color = Color(0, 0.415686, 0.0941176, 1)

[sub_resource type="CapsuleMesh" id="CapsuleMesh_ar1ci"]
material = SubResource("StandardMaterial3D_7786n")
radius = 0.201
height = 0.654

[sub_resource type="AnimationNodeStateMachinePlayback" id="AnimationNodeStateMachinePlayback_add65"]

[node name="ProduceClerk" instance=ExtResource("1_ghmgr")]
script = ExtResource("2_qs8a6")
character_stats = SubResource("Resource_rbgue")
projectile = ExtResource("4_uhrw3")

[node name="Skeleton3D" parent="Human_Template_Male/metarig" index="0"]
bones/6/rotation = Quaternion(-0.074223, -0.00616279, -0.0166037, 0.997084)
bones/8/position = Vector3(0.0183, 0.142765, 0.0784093)
bones/31/position = Vector3(-0.0183, 0.142765, 0.0784093)

[node name="RightHookBone" parent="Human_Template_Male/metarig/Skeleton3D" index="1"]
transform = Transform3D(-0.996636, 0.0819602, -5.96941e-05, -0.0809554, -0.984304, 0.156818, 0.0127941, 0.156295, 0.987628, -0.288997, 1.09521, 0.0555382)

[node name="LeftHookBone" parent="Human_Template_Male/metarig/Skeleton3D" index="2"]
transform = Transform3D(-0.996636, -0.0819603, 5.95488e-05, 0.0809555, -0.984304, 0.156818, -0.0127942, 0.156295, 0.987628, 0.288997, 1.09521, 0.0555382)

[node name="Physical Bone spine" parent="Human_Template_Male/metarig/Skeleton3D" index="3"]
transform = Transform3D(0.998311, -7.0346e-14, -4.83169e-13, -1.29666e-11, 0.999999, -2.38419e-07, -1.93751e-10, 2.68221e-07, 0.999999, -1.38846e-08, 1.37348, 0.01666)
joint_offset = Transform3D(1, 0, 0, 0, 1, 0, 0, 0, 1, 1.3908e-08, -0.363582, -0.07186)
body_offset = Transform3D(0.998311, -7.0346e-14, -4.83169e-13, -6.09219e-11, 0.968338, 0.249639, -1.84372e-10, -0.249639, 0.968338, -1.38846e-08, 0.370009, -0.0211794)

[node name="Physical Bone spine005" parent="Human_Template_Male/metarig/Skeleton3D" index="4"]
transform = Transform3D(0.258819, -0.96761, -1.77722e-07, 0.965922, 0.258819, 1.49012e-08, -7.51684e-07, -2.27697e-07, 0.999999, -1.28136e-08, 1.8518, 0.0674139)
joint_offset = Transform3D(1, 0, 0, 0, 1, 0, 0, 0, 1, -0.12761, -0.0341334, -0.0544142)
body_offset = Transform3D(0.258819, -0.96761, -1.77722e-07, 0.948957, 0.254273, 0.186599, -0.180241, -0.0482956, 0.982435, -1.28136e-08, 0.139929, 0.0288094)

[node name="Physical Bone shoulderL" parent="Human_Template_Male/metarig/Skeleton3D" index="5"]
transform = Transform3D(0.989355, -0.145452, -2.62713e-07, 0.145441, 0.990928, -3.69138e-07, -5.1154e-05, 2.38898e-05, 0.999878, 0.223799, 1.50643, -0.000342132)
joint_offset = Transform3D(1, 0, 0, 0, 1, 0, 0, 0, 1, -0.188246, 0.132393, 0.0687378)
body_offset = Transform3D(0.501642, -0.0738104, 0.861785, 0.852658, -0.125941, -0.507033, 0.145965, 0.990851, -0.000226188, 0.0449668, 0.212035, -0.103689)

[node name="Physical Bone forearmL" parent="Human_Template_Male/metarig/Skeleton3D" index="6"]
transform = Transform3D(1.00003, -1.35962e-06, 6.89969e-07, 3.98885e-06, -0.196546, 0.980497, 2.30374e-06, -0.980493, -0.196544, 0.266811, 1.23354, 0.025347)
joint_offset = Transform3D(1, 0, 0, 0, 1, 0, 0, 0, 1, 0.00669289, 0.0010908, 0.141058)
body_offset = Transform3D(-0.997012, 0.0546287, -0.0552388, 0.0546547, -0.0120873, -0.998433, -0.0552082, -0.998432, 0.00906685, 0.0144052, 0.140484, 0.000179648)

[node name="Physical Bone handL" parent="Human_Template_Male/metarig/Skeleton3D" index="7"]
transform = Transform3D(0.999991, -2.77446e-05, 9.43709e-05, -1.90937e-05, 0.167405, -0.985876, 4.80154e-06, 0.985888, 0.167404, 0.262923, 0.977076, 0.0667688)
joint_offset = Transform3D(1, 0, 0, 0, 1, 0, 0, 0, 1, 0.0260858, 0.00863707, -0.117954)
body_offset = Transform3D(-0.996628, 0.000966389, -0.0820479, -0.0819399, -0.0106862, 0.996558, 6.13028e-05, 0.999942, 0.0107303, 0.0163116, 0.119777, -0.0073725)

[node name="Physical Bone shoulderR" parent="Human_Template_Male/metarig/Skeleton3D" index="8"]
transform = Transform3D(0.999557, -3.06172e-08, 1.85285e-07, 1.57161e-09, 0.999712, -4.0968e-07, 5.00843e-07, -7.69797e-09, 0.999998, -0.204133, 1.59612, 0.00612703)
joint_offset = Transform3D(1, 0, 0, 0, 1, 0, 0, 0, 1, 0.185915, 0.0141337, 0.062273)
body_offset = Transform3D(0.50687, 7.35702e-05, -0.861889, -0.861509, -0.000570398, -0.507094, -0.00052889, 0.999712, -0.000226282, -0.0405634, 0.191754, -0.0140172)

[node name="Physical Bone upper_armR" parent="Human_Template_Male/metarig/Skeleton3D" index="9"]
transform = Transform3D(-0.973659, -0.0769058, 0.214054, 0.217348, -0.037187, 0.975311, -0.0670481, 0.996287, 0.0529306, -0.246387, 1.48813, 0.0033283)
joint_offset = Transform3D(1, 0, 0, 0, 1, 0, 0, 0, 1, 0.00153388, -0.000322456, 0.136065)
body_offset = Transform3D(0.999873, -8.9258e-06, 2.27466e-05, 5.82263e-06, -3.95887e-05, -0.999926, 7.18981e-06, 0.999943, -3.62322e-05, -0.00153679, 0.136055, 0.000327356)

[node name="Physical Bone forearmR" parent="Human_Template_Male/metarig/Skeleton3D" index="10"]
transform = Transform3D(-0.996989, 0.0552037, 0.0546438, 0.0648753, 0.204986, 0.976601, 0.0427121, 0.977201, -0.207949, -0.281551, 1.22239, 0.0262087)
joint_offset = Transform3D(1, 0, 0, 0, 1, 0, 0, 0, 1, 0.000393272, 0.00205833, 0.152362)
body_offset = Transform3D(1.00001, -2.55555e-06, 1.97636e-05, 2.3691e-05, 0.000142246, -0.999989, 1.80677e-06, 0.999994, 0.000140712, -0.000396281, 0.15236, -0.00207976)

[node name="Physical Bone handR" parent="Human_Template_Male/metarig/Skeleton3D" index="11"]
transform = Transform3D(0.980335, 0.196701, -0.0154985, 0.107864, -0.468471, 0.876835, 0.165218, -0.861301, -0.480475, -0.288485, 1.06303, 0.0671871)
joint_offset = Transform3D(1, 0, 0, 0, 1, 0, 0, 0, 1, 0.00100074, -0.00495431, 0.0334697)
body_offset = Transform3D(-0.983655, -0.169133, -0.0616853, -3.72529e-09, 0.342623, -0.939438, 0.18003, -0.924121, -0.337026, 0.00221103, 0.0331402, 0.00652163)

[node name="Physical Bone thighL" parent="Human_Template_Male/metarig/Skeleton3D" index="12"]
transform = Transform3D(0.995057, 0.000738962, -0.099301, 0.0992972, 0.00395898, 0.99505, 0.00113284, -0.998312, 0.00386354, 0.122456, 0.82719, 0.0158376)
joint_offset = Transform3D(1, 0, 0, 0, 1, 0, 0, 0, 1, 0.000140055, 2.18236e-05, 0.24769)
body_offset = Transform3D(1, -6.86268e-07, -2.95301e-07, -2.20876e-07, -6.77747e-06, -1, -1.81969e-06, 0.998319, 2.23634e-06, -0.000139982, 0.24769, -2.23406e-05)

[node name="Physical Bone shinL" parent="Human_Template_Male/metarig/Skeleton3D" index="13"]
transform = Transform3D(0.997615, 0.00015878, -0.069215, 0.0691427, 0.0389673, 0.997006, 0.00285212, -1.00051, 0.0388257, 0.164117, 0.335472, 0.00518013)
joint_offset = Transform3D(1, 0, 0, 0, 1, 0, 0, 0, 1, -1.14631e-05, 3.55434e-06, 0.249726)
body_offset = Transform3D(1.00001, -1.94716e-06, -2.36977e-06, 1.10303e-06, 3.41982e-06, -1.00016, 1.07661e-06, 1.00127, -2.46242e-06, 1.2055e-05, 0.249766, -2.94391e-06)

[node name="Physical Bone footL" parent="Human_Template_Male/metarig/Skeleton3D" index="14"]
transform = Transform3D(1, 1.32609e-07, -1.77768e-07, 2.03207e-07, -0.889708, 0.456532, -1.04821e-07, -0.456532, -0.889708, 0.1816, 0.0580917, 0.050925)
joint_offset = Transform3D(1, 0, 0, 0, 1, 0, 0, 0, 1, -0.00022097, -9.10963e-05, 0.0623563)
body_offset = Transform3D(1, -3.91793e-11, 1.0607e-08, 1.05289e-08, -1.49012e-07, -1, -3.12639e-13, 1, -1.49012e-07, 0.000220969, 0.0623563, 9.11057e-05)

[node name="Physical Bone thighR" parent="Human_Template_Male/metarig/Skeleton3D" index="15"]
transform = Transform3D(0.99505, -0.000741563, 0.0993008, -0.0992963, 0.00395869, 0.99505, -0.00113016, -0.998312, 0.00387266, -0.12241, 0.829008, 0.0158244)
joint_offset = Transform3D(1, 0, 0, 0, 1, 0, 0, 0, 1, -5.32314e-06, 3.63368e-06, 0.245876)
body_offset = Transform3D(0.999993, -1.87359e-06, 7.44112e-08, 2.61925e-08, -6.2359e-06, -1, -8.55885e-07, 0.998319, -6.88271e-06, 5.30481e-06, 0.245876, -1.93529e-06)

[node name="Physical Bone shinR" parent="Human_Template_Male/metarig/Skeleton3D" index="16"]
transform = Transform3D(0.997615, -0.000157014, 0.0692046, -0.0691449, 0.0390762, 0.997102, -0.00285332, -1.00321, 0.0388349, -0.164105, 0.335538, 0.0051783)
joint_offset = Transform3D(1, 0, 0, 0, 1, 0, 0, 0, 1, 7.47895e-06, 5.2312e-07, 0.249636)
body_offset = Transform3D(1.00001, 3.86499e-06, -1.46788e-05, 1.08747e-06, -6.89179e-07, -1.00026, 4.70318e-08, 1.00397, -7.87154e-06, -3.8147e-06, 0.2497, 1.43982e-06)

[node name="Physical Bone footR" parent="Human_Template_Male/metarig/Skeleton3D" index="17"]
transform = Transform3D(1, -1.32505e-07, 1.78118e-07, -2.03208e-07, -0.889708, 0.456532, 1.0482e-07, -0.456532, -0.889708, -0.181801, 0.058152, 0.0510094)
joint_offset = Transform3D(1, 0, 0, 0, 1, 0, 0, 0, 1, 0.000421212, 1.08218e-06, 0.0624039)
joint_rotation = Vector3(0, 0, 0)
body_offset = Transform3D(1, 1.4311e-10, -1.02565e-08, -1.05295e-08, -1.49012e-07, -1, 1.64135e-12, 1, -1.49012e-07, -0.000421211, 0.0624039, -1.07288e-06)

[node name="ProjectilePlacement" parent="Human_Template_Male" index="2"]
transform = Transform3D(1, 0, 0, 0, 0.97381, 0.227366, 0, -0.227366, 0.97381, -0.26745, 1.25401, 0.260283)

[node name="MeshInstance3D" parent="Human_Template_Male" index="3"]
transform = Transform3D(1, 0, 0, 0, 1, 0, 0, 0, 1, 0, 1.37083, 0.0191188)
mesh = SubResource("CapsuleMesh_ar1ci")

[node name="AnimationTree" parent="." index="2"]
parameters/Movement/playback = SubResource("AnimationNodeStateMachinePlayback_add65")

[editable path="Human_Template_Male"]
