[gd_scene load_steps=9 format=3 uid="uid://dyuj6u1valaav"]

[ext_resource type="PackedScene" uid="uid://dklaxvd7swq26" path="res://Characters/Character.tscn" id="1_ghmgr"]
[ext_resource type="Script" path="res://Characters/Produce/produce_clerk.gd" id="2_qs8a6"]
[ext_resource type="Script" path="res://Characters/Resources/character_data.gd" id="3_mnuln"]
[ext_resource type="PackedScene" uid="uid://bn6sd3oo5jas0" path="res://Projectile/Banana/banana.tscn" id="4_uhrw3"]

[sub_resource type="Resource" id="Resource_rbgue"]
resource_local_to_scene = true
script = ExtResource("3_mnuln")
Team = "Produce"
max_health = 90
single_fire = true
base_damage = 10
special_damage = 0
projectile_damage = 15
projectile_speed = 30.0
max_ammo = 15
move_speed = 6.0
acceleration = 0.08
gravity = 30.0
dodge_force = 23.0
punch_force = 9.0

[sub_resource type="StandardMaterial3D" id="StandardMaterial3D_7786n"]
albedo_color = Color(0, 0.415686, 0.0941176, 1)

[sub_resource type="CapsuleMesh" id="CapsuleMesh_ar1ci"]
material = SubResource("StandardMaterial3D_7786n")
radius = 0.201
height = 0.654

[sub_resource type="AnimationNodeStateMachinePlayback" id="AnimationNodeStateMachinePlayback_add65"]

[node name="ProduceClerk" instance=ExtResource("1_ghmgr")]
script = ExtResource("2_qs8a6")
character_stats = SubResource("Resource_rbgue")
projectile = ExtResource("4_uhrw3")

[node name="Skeleton3D" parent="Human_Template_Male/metarig" index="0"]
bones/6/rotation = Quaternion(-0.0751866, -0.00585855, -0.015784, 0.997027)
bones/8/position = Vector3(0.0183, 0.142473, 0.078401)
bones/31/position = Vector3(-0.0183, 0.142473, 0.078401)

[node name="RightHookBone" parent="Human_Template_Male/metarig/Skeleton3D" index="1"]
transform = Transform3D(-0.996636, 0.0819602, -5.96941e-05, -0.0809554, -0.984304, 0.156818, 0.0127941, 0.156295, 0.987628, -0.288997, 1.09492, 0.0555382)

[node name="LeftHookBone" parent="Human_Template_Male/metarig/Skeleton3D" index="2"]
transform = Transform3D(-0.996636, -0.0819603, 5.95488e-05, 0.0809555, -0.984304, 0.156818, -0.0127942, 0.156295, 0.987628, 0.288997, 1.09492, 0.0555382)

[node name="Physical Bone spine" parent="Human_Template_Male/metarig/Skeleton3D" index="3"]
transform = Transform3D(0.998434, -7.0346e-14, -4.83169e-13, -1.11394e-11, 0.999999, -2.38419e-07, -1.70274e-10, 2.68221e-07, 0.999999, -1.38876e-08, 1.37348, 0.0166595)
joint_offset = Transform3D(1, 0, 0, 0, 1, 0, 0, 0, 1, 1.39093e-08, -0.363581, -0.0718595)
body_offset = Transform3D(0.998434, -7.0346e-14, -4.83169e-13, -5.32978e-11, 0.968338, 0.249639, -1.62117e-10, -0.249639, 0.968338, -1.38876e-08, 0.370008, -0.0211798)

[node name="Physical Bone spine005" parent="Human_Template_Male/metarig/Skeleton3D" index="4"]
transform = Transform3D(0.258819, -0.967487, -1.77663e-07, 0.965922, 0.258819, 1.49012e-08, -7.51684e-07, -2.27665e-07, 0.999999, -1.28063e-08, 1.8518, 0.0674139)
joint_offset = Transform3D(1, 0, 0, 0, 1, 0, 0, 0, 1, -0.127608, -0.0341374, -0.0544141)
body_offset = Transform3D(0.258819, -0.967487, -1.77663e-07, 0.948957, 0.254273, 0.186599, -0.180241, -0.0482956, 0.982435, -1.28063e-08, 0.139929, 0.0288094)

[node name="Physical Bone shoulderL" parent="Human_Template_Male/metarig/Skeleton3D" index="5"]
transform = Transform3D(0.989355, -0.145452, -2.62697e-07, 0.145441, 0.990805, -3.39423e-07, -5.1154e-05, 2.38208e-05, 0.999878, 0.223788, 1.50705, -0.000316397)
joint_offset = Transform3D(1, 0, 0, 0, 1, 0, 0, 0, 1, -0.188197, 0.132651, 0.0687121)
body_offset = Transform3D(0.501642, -0.0738104, 0.861785, 0.852658, -0.125941, -0.507033, 0.145965, 0.990728, -0.000226158, 0.0449835, 0.212013, -0.103935)

[node name="Physical Bone forearmL" parent="Human_Template_Male/metarig/Skeleton3D" index="6"]
transform = Transform3D(1.00001, -1.00945e-06, 4.70061e-07, 1.8701e-06, -0.196546, 0.980495, 8.35967e-07, -0.980493, -0.196544, 0.266811, 1.23429, 0.0253867)
joint_offset = Transform3D(1, 0, 0, 0, 1, 0, 0, 0, 1, 0.00669311, 0.00110632, 0.141182)
body_offset = Transform3D(-0.996988, 0.0546283, -0.0552385, 0.0546552, -0.0120874, -0.998432, -0.0552088, -0.998432, 0.00906658, 0.0144112, 0.140608, 0.000194073)

[node name="Physical Bone handL" parent="Human_Template_Male/metarig/Skeleton3D" index="7"]
transform = Transform3D(0.999991, -2.40322e-05, 8.17198e-05, -1.91164e-05, 0.167405, -0.98588, 4.70716e-06, 0.985887, 0.167405, 0.262923, 0.977852, 0.0667936)
joint_offset = Transform3D(1, 0, 0, 0, 1, 0, 0, 0, 1, 0.0260842, 0.0086278, -0.118046)
body_offset = Transform3D(-0.996628, 0.000962686, -0.0820357, -0.0819399, -0.0106865, 0.996563, 6.12054e-05, 0.999941, 0.0107304, 0.016304, 0.11987, -0.0073622)

[node name="Physical Bone shoulderR" parent="Human_Template_Male/metarig/Skeleton3D" index="8"]
transform = Transform3D(0.999557, -2.98023e-08, 1.85269e-07, 1.57161e-09, 0.999712, -3.79951e-07, 5.00843e-07, -7.49424e-09, 0.999998, -0.204143, 1.59698, 0.00612808)
joint_offset = Transform3D(1, 0, 0, 0, 1, 0, 0, 0, 1, 0.185925, 0.0141338, 0.062272)
body_offset = Transform3D(0.50687, 7.35704e-05, -0.861889, -0.861509, -0.000570399, -0.507094, -0.00052889, 0.999712, -0.000226252, -0.0405694, 0.191762, -0.0140173)

[node name="Physical Bone upper_armR" parent="Human_Template_Male/metarig/Skeleton3D" index="9"]
transform = Transform3D(-0.973693, -0.0769058, 0.214069, 0.217355, -0.037187, 0.975342, -0.0670526, 0.996287, 0.0529348, -0.246373, 1.48903, 0.0033286)
joint_offset = Transform3D(1, 0, 0, 0, 1, 0, 0, 0, 1, 0.00153957, -0.000320421, 0.136018)
body_offset = Transform3D(0.999908, -8.9258e-06, 1.52029e-05, 6.86687e-06, -3.95887e-05, -0.99996, 5.04404e-06, 0.999943, -3.4254e-05, -0.0015415, 0.136013, 0.000325054)

[node name="Physical Bone forearmR" parent="Human_Template_Male/metarig/Skeleton3D" index="10"]
transform = Transform3D(-0.996989, 0.0552037, 0.0546438, 0.0648758, 0.204986, 0.976601, 0.0427124, 0.977201, -0.207949, -0.281551, 1.2231, 0.0262088)
joint_offset = Transform3D(1, 0, 0, 0, 1, 0, 0, 0, 1, 0.000403163, 0.00208945, 0.152511)
body_offset = Transform3D(1.00001, -2.5481e-06, 1.97636e-05, 2.31862e-05, 0.000142276, -0.999989, 2.20537e-06, 0.999994, 0.000140712, -0.000406176, 0.152509, -0.0021109)

[node name="Physical Bone handR" parent="Human_Template_Male/metarig/Skeleton3D" index="11"]
transform = Transform3D(0.980335, 0.196701, -0.0155006, 0.107864, -0.468471, 0.87685, 0.165218, -0.861301, -0.480477, -0.288485, 1.0639, 0.0671871)
joint_offset = Transform3D(1, 0, 0, 0, 1, 0, 0, 0, 1, 0.00100074, -0.00495417, 0.0334692)
body_offset = Transform3D(-0.983655, -0.169133, -0.0616845, -3.72529e-09, 0.342623, -0.939453, 0.18003, -0.924121, -0.337026, 0.002211, 0.0331402, 0.00652158)

[node name="Physical Bone thighL" parent="Human_Template_Male/metarig/Skeleton3D" index="12"]
transform = Transform3D(0.995057, 0.000739157, -0.099301, 0.0992972, 0.00395898, 0.99505, 0.00113284, -0.998433, 0.00386354, 0.122455, 0.827199, 0.0158376)
joint_offset = Transform3D(1, 0, 0, 0, 1, 0, 0, 0, 1, 0.000140293, 2.17595e-05, 0.247681)
body_offset = Transform3D(1, -6.29341e-07, -2.95305e-07, -2.20869e-07, -6.28969e-06, -1, -1.81783e-06, 0.998441, 2.2396e-06, -0.00014022, 0.247681, -2.228e-05)

[node name="Physical Bone shinL" parent="Human_Template_Male/metarig/Skeleton3D" index="13"]
transform = Transform3D(0.997615, 0.000158776, -0.069215, 0.0691428, 0.0389673, 0.997006, 0.00285217, -1.00051, 0.0388257, 0.164117, 0.335472, 0.00518015)
joint_offset = Transform3D(1, 0, 0, 0, 1, 0, 0, 0, 1, -1.14631e-05, 3.5748e-06, 0.249726)
body_offset = Transform3D(1.00001, -1.95042e-06, -2.36977e-06, 1.03375e-06, 3.41982e-06, -1.00016, 1.02213e-06, 1.00127, -2.46242e-06, 1.2055e-05, 0.249766, -2.9644e-06)

[node name="Physical Bone footL" parent="Human_Template_Male/metarig/Skeleton3D" index="14"]
transform = Transform3D(1, 1.32609e-07, -1.77768e-07, 2.03207e-07, -0.889708, 0.456532, -1.04821e-07, -0.456532, -0.889708, 0.18157, 0.0580918, 0.050925)
joint_offset = Transform3D(1, 0, 0, 0, 1, 0, 0, 0, 1, -0.000190154, -9.10684e-05, 0.0623562)
body_offset = Transform3D(1, -3.91225e-11, 1.06067e-08, 1.05289e-08, -1.19209e-07, -1, -3.12639e-13, 1, -1.19209e-07, 0.000190154, 0.0623562, 9.10759e-05)

[node name="Physical Bone thighR" parent="Human_Template_Male/metarig/Skeleton3D" index="15"]
transform = Transform3D(0.99505, -0.000741563, 0.0993008, -0.0992963, 0.00395876, 0.99505, -0.00113016, -0.998433, 0.00387218, -0.12241, 0.829008, 0.0158244)
joint_offset = Transform3D(1, 0, 0, 0, 1, 0, 0, 0, 1, -5.32328e-06, 3.51547e-06, 0.245876)
body_offset = Transform3D(0.999993, -1.74344e-06, 7.49524e-08, 2.6188e-08, -5.8359e-06, -1, -8.5705e-07, 0.998441, -6.40447e-06, 5.30481e-06, 0.245876, -1.93529e-06)

[node name="Physical Bone shinR" parent="Human_Template_Male/metarig/Skeleton3D" index="16"]
transform = Transform3D(0.997615, -0.000157186, 0.0692023, -0.0691447, 0.039066, 0.996986, -0.00285331, -1.00294, 0.0388302, -0.164101, 0.335537, 0.00517878)
joint_offset = Transform3D(1, 0, 0, 0, 1, 0, 0, 0, 1, 2.39117e-06, 1.01067e-06, 0.249666)
body_offset = Transform3D(1.00001, 3.63425e-06, -8.92109e-06, 9.30515e-07, -9.05246e-07, -1.00014, 4.02797e-08, 1.0037, -7.76723e-06, -1.63913e-07, 0.2497, 9.24803e-07)

[node name="Physical Bone footR" parent="Human_Template_Male/metarig/Skeleton3D" index="17"]
transform = Transform3D(1, -1.32505e-07, 1.78118e-07, -2.03208e-07, -0.889708, 0.456532, 1.0482e-07, -0.456532, -0.889708, -0.18177, 0.0581517, 0.0510089)
joint_offset = Transform3D(1, 0, 0, 0, 1, 0, 0, 0, 1, 0.000390396, 5.66232e-07, 0.0624035)
joint_rotation = Vector3(0, 0, 0)
body_offset = Transform3D(1, 1.4289e-10, -1.02567e-08, -1.05294e-08, -1.19209e-07, -1, 1.27898e-12, 1, -1.19209e-07, -0.000390396, 0.0624035, -5.58794e-07)

[node name="ProjectilePlacement" parent="Human_Template_Male" index="2"]
transform = Transform3D(1, 0, 0, 0, 0.97381, 0.227366, 0, -0.227366, 0.97381, -0.26745, 1.25401, 0.260283)

[node name="MeshInstance3D" parent="Human_Template_Male" index="3"]
transform = Transform3D(1, 0, 0, 0, 1, 0, 0, 0, 1, 0, 1.37083, 0.0191188)
mesh = SubResource("CapsuleMesh_ar1ci")

[node name="AnimationTree" parent="." index="2"]
parameters/Movement/playback = SubResource("AnimationNodeStateMachinePlayback_add65")

[editable path="Human_Template_Male"]
