[gd_scene load_steps=9 format=3 uid="uid://dyuj6u1valaav"]

[ext_resource type="PackedScene" uid="uid://dklaxvd7swq26" path="res://Characters/Character.tscn" id="1_ghmgr"]
[ext_resource type="Script" path="res://Characters/Produce/produce_clerk.gd" id="2_qs8a6"]
[ext_resource type="Script" path="res://Characters/Resources/character_data.gd" id="3_mnuln"]
[ext_resource type="PackedScene" uid="uid://bn6sd3oo5jas0" path="res://Projectile/Banana/banana.tscn" id="4_uhrw3"]

[sub_resource type="Resource" id="Resource_rbgue"]
resource_local_to_scene = true
script = ExtResource("3_mnuln")
Team = "Produce"
max_health = 90
single_fire = true
base_damage = 10
special_damage = 0
projectile_damage = 15
projectile_speed = 30.0
max_ammo = 15
move_speed = 6.0
acceleration = 0.08
gravity = 30.0
dodge_force = 23.0
punch_force = 9.0

[sub_resource type="StandardMaterial3D" id="StandardMaterial3D_7786n"]
albedo_color = Color(0, 0.415686, 0.0941176, 1)

[sub_resource type="CapsuleMesh" id="CapsuleMesh_ar1ci"]
material = SubResource("StandardMaterial3D_7786n")
radius = 0.201
height = 0.654

[sub_resource type="AnimationNodeStateMachinePlayback" id="AnimationNodeStateMachinePlayback_add65"]

[node name="ProduceClerk" instance=ExtResource("1_ghmgr")]
script = ExtResource("2_qs8a6")
character_stats = SubResource("Resource_rbgue")
projectile = ExtResource("4_uhrw3")

[node name="Skeleton3D" parent="Human_Template_Male/metarig" index="0"]
bones/6/rotation = Quaternion(-0.0829033, -0.00342047, -0.00921535, 0.996509)
bones/8/position = Vector3(0.0183, 0.140308, 0.0783391)
bones/31/position = Vector3(-0.0183, 0.140308, 0.0783391)

[node name="RightHookBone" parent="Human_Template_Male/metarig/Skeleton3D" index="1"]
transform = Transform3D(-0.996636, 0.0819602, -5.96941e-05, -0.0809554, -0.984304, 0.156818, 0.0127941, 0.156295, 0.987628, -0.288997, 1.09275, 0.0555382)

[node name="LeftHookBone" parent="Human_Template_Male/metarig/Skeleton3D" index="2"]
transform = Transform3D(-0.996636, -0.0819603, 5.95488e-05, 0.0809555, -0.984304, 0.156818, -0.0127942, 0.156295, 0.987628, 0.288997, 1.09275, 0.0555382)

[node name="Physical Bone spine" parent="Human_Template_Male/metarig/Skeleton3D" index="3"]
transform = Transform3D(0.998411, -7.0346e-14, -4.83169e-13, -1.10025e-11, 0.999999, -2.38419e-07, -1.71099e-10, 2.68221e-07, 0.999999, -1.38876e-08, 1.37348, 0.0166599)
joint_offset = Transform3D(1, 0, 0, 0, 1, 0, 0, 0, 1, 1.39096e-08, -0.363581, -0.0718598)
body_offset = Transform3D(0.998412, -7.0346e-14, -4.83169e-13, -5.33689e-11, 0.968338, 0.249639, -1.62942e-10, -0.249639, 0.968338, -1.38876e-08, 0.370009, -0.0211794)

[node name="Physical Bone spine005" parent="Human_Template_Male/metarig/Skeleton3D" index="4"]
transform = Transform3D(0.258819, -0.967509, -1.77674e-07, 0.965922, 0.258819, 1.49012e-08, -7.51684e-07, -2.27671e-07, 0.999999, -1.28076e-08, 1.8518, 0.067414)
joint_offset = Transform3D(1, 0, 0, 0, 1, 0, 0, 0, 1, -0.127609, -0.0341367, -0.0544142)
body_offset = Transform3D(0.258819, -0.967509, -1.77674e-07, 0.948957, 0.254273, 0.186599, -0.180241, -0.0482956, 0.982435, -1.28076e-08, 0.139929, 0.0288095)

[node name="Physical Bone shoulderL" parent="Human_Template_Male/metarig/Skeleton3D" index="5"]
transform = Transform3D(0.989355, -0.145452, -2.627e-07, 0.145441, 0.990828, -3.44924e-07, -5.1154e-05, 2.38232e-05, 0.999878, 0.22379, 1.50401, -0.000320994)
joint_offset = Transform3D(1, 0, 0, 0, 1, 0, 0, 0, 1, -0.188206, 0.132604, 0.0687166)
body_offset = Transform3D(0.501642, -0.0738104, 0.861785, 0.852658, -0.125941, -0.507033, 0.145965, 0.99075, -0.000226163, 0.0449806, 0.212017, -0.10389)

[node name="Physical Bone forearmL" parent="Human_Template_Male/metarig/Skeleton3D" index="6"]
transform = Transform3D(1.00003, -1.44158e-06, 4.78326e-07, 3.53158e-06, -0.196546, 0.980495, 2.00571e-06, -0.980493, -0.196544, 0.266811, 1.23122, 0.0253791)
joint_offset = Transform3D(1, 0, 0, 0, 1, 0, 0, 0, 1, 0.00669291, 0.00110312, 0.141159)
body_offset = Transform3D(-0.997012, 0.0546287, -0.0552385, 0.0546551, -0.0120873, -0.998432, -0.0552086, -0.998432, 0.00906657, 0.0144101, 0.140586, 0.000191063)

[node name="Physical Bone handL" parent="Human_Template_Male/metarig/Skeleton3D" index="7"]
transform = Transform3D(0.999991, -2.46358e-05, 8.33068e-05, -1.91089e-05, 0.167405, -0.985879, 4.70558e-06, 0.985887, 0.167405, 0.262923, 0.97478, 0.0667892)
joint_offset = Transform3D(1, 0, 0, 0, 1, 0, 0, 0, 1, 0.0260844, 0.00862944, -0.11803)
body_offset = Transform3D(-0.996628, 0.000963286, -0.0820372, -0.0819399, -0.0106865, 0.996562, 6.12057e-05, 0.999941, 0.0107305, 0.0163053, 0.119854, -0.007364)

[node name="Physical Bone shoulderR" parent="Human_Template_Male/metarig/Skeleton3D" index="8"]
transform = Transform3D(0.999557, -3.02098e-08, 1.85272e-07, 1.57161e-09, 0.999712, -3.85378e-07, 5.00843e-07, -7.49424e-09, 0.999998, -0.204141, 1.5939, 0.00612783)
joint_offset = Transform3D(1, 0, 0, 0, 1, 0, 0, 0, 1, 0.185924, 0.0141338, 0.0622722)
body_offset = Transform3D(0.50687, 7.35702e-05, -0.861889, -0.861509, -0.000570398, -0.507094, -0.00052889, 0.999712, -0.000226257, -0.0405683, 0.191761, -0.0140173)

[node name="Physical Bone upper_armR" parent="Human_Template_Male/metarig/Skeleton3D" index="9"]
transform = Transform3D(-0.973693, -0.0769058, 0.214069, 0.217355, -0.037187, 0.975342, -0.0670526, 0.996287, 0.0529348, -0.246377, 1.48594, 0.00332851)
joint_offset = Transform3D(1, 0, 0, 0, 1, 0, 0, 0, 1, 0.00153717, -0.000320898, 0.136026)
body_offset = Transform3D(0.999908, -8.9258e-06, 1.52946e-05, 6.86687e-06, -3.95887e-05, -0.99996, 5.04404e-06, 0.999943, -3.42801e-05, -0.00153911, 0.13602, 0.000325534)

[node name="Physical Bone forearmR" parent="Human_Template_Male/metarig/Skeleton3D" index="10"]
transform = Transform3D(-0.996989, 0.0552037, 0.0546438, 0.0648758, 0.204986, 0.976601, 0.0427124, 0.977201, -0.207949, -0.281551, 1.22004, 0.0262091)
joint_offset = Transform3D(1, 0, 0, 0, 1, 0, 0, 0, 1, 0.000401104, 0.00208287, 0.152481)
body_offset = Transform3D(1.00001, -2.55182e-06, 1.97822e-05, 2.31862e-05, 0.000142276, -0.999989, 2.20537e-06, 0.999994, 0.000140712, -0.000404119, 0.152479, -0.00210431)

[node name="Physical Bone handR" parent="Human_Template_Male/metarig/Skeleton3D" index="11"]
transform = Transform3D(0.980335, 0.196701, -0.0155006, 0.107864, -0.468471, 0.87685, 0.165218, -0.861301, -0.480477, -0.288485, 1.06081, 0.0671871)
joint_offset = Transform3D(1, 0, 0, 0, 1, 0, 0, 0, 1, 0.00100074, -0.00495415, 0.0334692)
body_offset = Transform3D(-0.983655, -0.169133, -0.0616845, -1.86265e-09, 0.342623, -0.939453, 0.18003, -0.924121, -0.337026, 0.002211, 0.0331402, 0.00652161)

[node name="Physical Bone thighL" parent="Human_Template_Male/metarig/Skeleton3D" index="12"]
transform = Transform3D(0.995057, 0.000739123, -0.099301, 0.0992972, 0.00395898, 0.99505, 0.00113284, -0.998411, 0.00386354, 0.122455, 0.827198, 0.0158376)
joint_offset = Transform3D(1, 0, 0, 0, 1, 0, 0, 0, 1, 0.000140293, 2.1788e-05, 0.247681)
body_offset = Transform3D(1, -6.38654e-07, -2.95305e-07, -2.20869e-07, -6.37816e-06, -1, -1.81783e-06, 0.998419, 2.2396e-06, -0.00014022, 0.247681, -2.2308e-05)

[node name="Physical Bone shinL" parent="Human_Template_Male/metarig/Skeleton3D" index="13"]
transform = Transform3D(0.997615, 0.000158776, -0.069215, 0.0691428, 0.0389673, 0.997006, 0.00285212, -1.00051, 0.0388257, 0.164117, 0.335472, 0.00518015)
joint_offset = Transform3D(1, 0, 0, 0, 1, 0, 0, 0, 1, -1.14631e-05, 3.57759e-06, 0.249726)
body_offset = Transform3D(1.00001, -1.95042e-06, -2.36976e-06, 1.01349e-06, 3.41982e-06, -1.00016, 1.07661e-06, 1.00127, -2.46614e-06, 1.2055e-05, 0.249766, -2.96626e-06)

[node name="Physical Bone footL" parent="Human_Template_Male/metarig/Skeleton3D" index="14"]
transform = Transform3D(1, 1.32609e-07, -1.77768e-07, 2.03207e-07, -0.889707, 0.456531, -1.04821e-07, -0.456532, -0.889708, 0.181575, 0.0580917, 0.0509249)
joint_offset = Transform3D(1, 0, 0, 0, 1, 0, 0, 0, 1, -0.000195772, -9.10983e-05, 0.0623562)
body_offset = Transform3D(1, -3.91225e-11, 1.06067e-08, 1.05289e-08, -1.19209e-07, -1, -3.12639e-13, 1, -1.19209e-07, 0.000195771, 0.0623562, 9.11057e-05)

[node name="Physical Bone thighR" parent="Human_Template_Male/metarig/Skeleton3D" index="15"]
transform = Transform3D(0.99505, -0.000741563, 0.0993008, -0.0992963, 0.0039587, 0.99505, -0.00113016, -0.998411, 0.00387227, -0.12241, 0.829008, 0.0158244)
joint_offset = Transform3D(1, 0, 0, 0, 1, 0, 0, 0, 1, -5.32325e-06, 3.53717e-06, 0.245876)
body_offset = Transform3D(0.999993, -1.76218e-06, 7.48528e-08, 2.6188e-08, -5.85709e-06, -1, -8.5705e-07, 0.998419, -6.49225e-06, 5.30481e-06, 0.245876, -1.93529e-06)

[node name="Physical Bone shinR" parent="Human_Template_Male/metarig/Skeleton3D" index="16"]
transform = Transform3D(0.997615, -0.000157178, 0.069203, -0.0691448, 0.0390669, 0.997027, -0.00285331, -1.00299, 0.038832, -0.164105, 0.335537, 0.00517836)
joint_offset = Transform3D(1, 0, 0, 0, 1, 0, 0, 0, 1, 6.52292e-06, 6.3748e-07, 0.249656)
body_offset = Transform3D(1.00001, 3.71551e-06, -1.10869e-05, 9.67892e-07, 3.72529e-08, -1.00018, 4.21423e-08, 1.00374, -7.9684e-06, -3.75509e-06, 0.2497, 1.34949e-06)

[node name="Physical Bone footR" parent="Human_Template_Male/metarig/Skeleton3D" index="17"]
transform = Transform3D(1, -1.32505e-07, 1.78118e-07, -2.03208e-07, -0.889707, 0.456531, 1.0482e-07, -0.456532, -0.889708, -0.181775, 0.0581517, 0.0510088)
joint_offset = Transform3D(1, 0, 0, 0, 1, 0, 0, 0, 1, 0.000396014, 5.73683e-07, 0.0624035)
joint_rotation = Vector3(0, 0, 0)
body_offset = Transform3D(1, 1.42876e-10, -1.02567e-08, -1.05294e-08, -1.19209e-07, -1, 1.19371e-12, 1, -1.19209e-07, -0.000396013, 0.0624035, -5.66244e-07)

[node name="ProjectilePlacement" parent="Human_Template_Male" index="2"]
transform = Transform3D(1, 0, 0, 0, 0.97381, 0.227366, 0, -0.227366, 0.97381, -0.26745, 1.25401, 0.260283)

[node name="MeshInstance3D" parent="Human_Template_Male" index="3"]
transform = Transform3D(1, 0, 0, 0, 1, 0, 0, 0, 1, 0, 1.37083, 0.0191188)
mesh = SubResource("CapsuleMesh_ar1ci")

[node name="AnimationTree" parent="." index="2"]
parameters/Movement/playback = SubResource("AnimationNodeStateMachinePlayback_add65")

[editable path="Human_Template_Male"]
