[gd_scene load_steps=9 format=3 uid="uid://dyuj6u1valaav"]

[ext_resource type="PackedScene" uid="uid://dklaxvd7swq26" path="res://Characters/Character.tscn" id="1_ghmgr"]
[ext_resource type="Script" path="res://Characters/Produce/produce_clerk.gd" id="2_qs8a6"]
[ext_resource type="Script" path="res://Characters/Resources/character_data.gd" id="3_mnuln"]
[ext_resource type="PackedScene" uid="uid://bn6sd3oo5jas0" path="res://Projectile/Banana/banana.tscn" id="4_uhrw3"]

[sub_resource type="Resource" id="Resource_rbgue"]
script = ExtResource("3_mnuln")
Team = "PRODUCE"
max_health = 90
single_fire = true
base_damage = 10
special_damage = 0
projectile_damage = 15
projectile_speed = 30.0
max_ammo = 15
move_speed = 6.0
acceleration = 0.08
gravity = 30.0
dodge_force = 23.0
punch_force = 9.0

[sub_resource type="StandardMaterial3D" id="StandardMaterial3D_7786n"]
albedo_color = Color(0, 0.415686, 0.0941176, 1)

[sub_resource type="CapsuleMesh" id="CapsuleMesh_ar1ci"]
material = SubResource("StandardMaterial3D_7786n")
radius = 0.201
height = 0.654

[sub_resource type="AnimationNodeStateMachinePlayback" id="AnimationNodeStateMachinePlayback_add65"]

[node name="ProduceClerk" instance=ExtResource("1_ghmgr")]
script = ExtResource("2_qs8a6")
character_stats = SubResource("Resource_rbgue")
projectile = ExtResource("4_uhrw3")

[node name="Skeleton3D" parent="Human_Template_Male/metarig" index="0"]
bones/6/rotation = Quaternion(-0.0658585, -0.00880148, -0.0237128, 0.997508)
bones/8/position = Vector3(0.0183, 0.145101, 0.0784761)
bones/31/position = Vector3(-0.0183, 0.145101, 0.0784761)

[node name="RightHookBone" parent="Human_Template_Male/metarig/Skeleton3D" index="1"]
transform = Transform3D(-0.996636, 0.0819614, -5.98207e-05, -0.0809567, -0.984304, 0.156816, 0.012794, 0.156294, 0.987628, -0.288996, 1.09754, 0.0555374)

[node name="LeftHookBone" parent="Human_Template_Male/metarig/Skeleton3D" index="2"]
transform = Transform3D(-0.996636, -0.0819601, 5.91613e-05, 0.0809554, -0.984304, 0.156817, -0.0127944, 0.156294, 0.987628, 0.288997, 1.09754, 0.0555378)

[node name="Physical Bone spine" parent="Human_Template_Male/metarig/Skeleton3D" index="3"]
transform = Transform3D(0.998478, -7.0346e-14, -4.83169e-13, -1.11866e-11, 0.999999, -2.38419e-07, -1.65699e-10, 2.68221e-07, 0.999999, -1.38881e-08, 1.37348, 0.016659)
joint_offset = Transform3D(1, 0, 0, 0, 1, 0, 0, 0, 1, 1.39092e-08, -0.363581, -0.071859)
body_offset = Transform3D(0.998478, -7.0346e-14, -4.83169e-13, -5.22036e-11, 0.968338, 0.249639, -1.57684e-10, -0.249639, 0.968338, -1.38881e-08, 0.370008, -0.0211802)

[node name="Physical Bone spine005" parent="Human_Template_Male/metarig/Skeleton3D" index="4"]
transform = Transform3D(0.258819, -0.967443, -1.77642e-07, 0.965922, 0.258819, 1.49012e-08, -7.51684e-07, -2.27653e-07, 0.999999, -1.28037e-08, 1.8518, 0.067414)
joint_offset = Transform3D(1, 0, 0, 0, 1, 0, 0, 0, 1, -0.127608, -0.0341389, -0.0544142)
body_offset = Transform3D(0.258819, -0.967443, -1.77642e-07, 0.948957, 0.254273, 0.186599, -0.180241, -0.0482956, 0.982435, -1.28037e-08, 0.139929, 0.0288094)

[node name="Physical Bone shoulderL" parent="Human_Template_Male/metarig/Skeleton3D" index="5"]
transform = Transform3D(0.989353, -0.145451, -2.32889e-07, 0.145441, 0.990761, -3.28466e-07, -4.99619e-05, 2.27727e-05, 0.999878, 0.223785, 1.50884, -0.000307814)
joint_offset = Transform3D(1, 0, 0, 0, 1, 0, 0, 0, 1, -0.188181, 0.132743, 0.0687038)
body_offset = Transform3D(0.501642, -0.073811, 0.861785, 0.852656, -0.12594, -0.507033, 0.145965, 0.990684, -0.000226147, 0.0449892, 0.212006, -0.104023)

[node name="Physical Bone forearmL" parent="Human_Template_Male/metarig/Skeleton3D" index="6"]
transform = Transform3D(1.00001, 7.63792e-07, -3.48913e-08, 2.04891e-06, -0.196543, 0.980492, 1.07066e-06, -0.980491, -0.196543, 0.266811, 1.23611, 0.0254004)
joint_offset = Transform3D(1, 0, 0, 0, 1, 0, 0, 0, 1, 0.00669322, 0.00111199, 0.141225)
body_offset = Transform3D(-0.996988, 0.0546268, -0.0552379, 0.054655, -0.0120884, -0.998429, -0.0552088, -0.99843, 0.00906675, 0.0144133, 0.140651, 0.000199318)

[node name="Physical Bone handL" parent="Human_Template_Male/metarig/Skeleton3D" index="7"]
transform = Transform3D(0.999991, -2.36177e-05, 7.30506e-05, -1.9027e-05, 0.167404, -0.985879, 4.9431e-06, 0.985887, 0.167404, 0.262923, 0.979688, 0.0668016)
joint_offset = Transform3D(1, 0, 0, 0, 1, 0, 0, 0, 1, 0.0260832, 0.00862501, -0.11808)
body_offset = Transform3D(-0.996628, 0.000961862, -0.0820268, -0.0819399, -0.0106863, 0.996563, 6.12057e-05, 0.999941, 0.0107305, 0.0163012, 0.119904, -0.00735904)

[node name="Physical Bone shoulderR" parent="Human_Template_Male/metarig/Skeleton3D" index="8"]
transform = Transform3D(0.999557, -1.28098e-06, -3.50895e-07, 1.11526e-06, 0.999712, -1.07063e-06, 7.98454e-07, 7.72881e-07, 0.999998, -0.204147, 1.59885, 0.00612775)
joint_offset = Transform3D(1, 0, 0, 0, 1, 0, 0, 0, 1, 0.18593, 0.0141338, 0.0622723)
body_offset = Transform3D(0.50687, 7.35706e-05, -0.861889, -0.861509, -0.000570399, -0.507094, -0.00052889, 0.999712, -0.000226241, -0.0405714, 0.191766, -0.0140173)

[node name="Physical Bone upper_armR" parent="Human_Template_Male/metarig/Skeleton3D" index="9"]
transform = Transform3D(-0.973715, -0.0769056, 0.214068, 0.217357, -0.0371883, 0.975342, -0.0670557, 0.996287, 0.0529363, -0.246368, 1.49091, 0.00332823)
joint_offset = Transform3D(1, 0, 0, 0, 1, 0, 0, 0, 1, 0.00154223, -0.000319554, 0.136007)
body_offset = Transform3D(0.999931, -8.9258e-06, 1.51109e-05, 8.49739e-06, -3.95887e-05, -0.99996, 3.1963e-06, 0.999943, -3.42242e-05, -0.00154418, 0.136002, 0.000324186)

[node name="Physical Bone forearmR" parent="Human_Template_Male/metarig/Skeleton3D" index="10"]
transform = Transform3D(-0.996989, 0.0552037, 0.0546425, 0.0648748, 0.204985, 0.976601, 0.0427125, 0.977201, -0.207947, -0.281551, 1.22491, 0.0262073)
joint_offset = Transform3D(1, 0, 0, 0, 1, 0, 0, 0, 1, 0.000407038, 0.00210258, 0.152569)
body_offset = Transform3D(1.00001, -2.71574e-06, 1.97543e-05, 2.29059e-05, 0.000142261, -0.999989, 2.20537e-06, 0.999994, 0.000140727, -0.00041005, 0.152567, -0.00212404)

[node name="Physical Bone handR" parent="Human_Template_Male/metarig/Skeleton3D" index="11"]
transform = Transform3D(0.980335, 0.196701, -0.0155021, 0.107865, -0.46847, 0.876854, 0.165218, -0.861302, -0.480476, -0.288484, 1.06577, 0.0671862)
joint_offset = Transform3D(1, 0, 0, 0, 1, 0, 0, 0, 1, 0.00100076, -0.00495411, 0.0334691)
body_offset = Transform3D(-0.983655, -0.169133, -0.0616845, 1.30385e-08, 0.342623, -0.939457, 0.18003, -0.924121, -0.337026, 0.00221102, 0.0331402, 0.0065216)

[node name="Physical Bone thighL" parent="Human_Template_Male/metarig/Skeleton3D" index="12"]
transform = Transform3D(0.995057, 0.000739246, -0.0993009, 0.0992972, 0.00395848, 0.99505, 0.0011328, -0.998476, 0.00386304, 0.122455, 0.827202, 0.0158364)
joint_offset = Transform3D(1, 0, 0, 0, 1, 0, 0, 0, 1, 0.000140442, 2.04308e-05, 0.247677)
body_offset = Transform3D(1, -6.02333e-07, -2.95307e-07, -2.20864e-07, -6.1118e-06, -1, -1.81654e-06, 0.998484, 2.24169e-06, -0.000140369, 0.247677, -2.09548e-05)

[node name="Physical Bone shinL" parent="Human_Template_Male/metarig/Skeleton3D" index="13"]
transform = Transform3D(0.997613, 0.000158787, -0.069215, 0.0691427, 0.0389668, 0.997006, 0.0028523, -1.00051, 0.0388252, 0.164117, 0.335472, 0.00518053)
joint_offset = Transform3D(1, 0, 0, 0, 1, 0, 0, 0, 1, -1.14631e-05, 3.58782e-06, 0.249726)
body_offset = Transform3D(1.00001, -1.95252e-06, -2.36977e-06, 9.38031e-07, 3.41982e-06, -1.00016, 8.6287e-07, 1.00127, -2.46242e-06, 1.2055e-05, 0.249766, -2.97744e-06)

[node name="Physical Bone footL" parent="Human_Template_Male/metarig/Skeleton3D" index="14"]
transform = Transform3D(1, 1.23034e-07, -2.62999e-07, 2.3641e-07, -0.889708, 0.45653, -1.82048e-07, -0.456531, -0.889708, 0.181559, 0.0580921, 0.0509255)
joint_offset = Transform3D(1, 0, 0, 0, 1, 0, 0, 0, 1, -0.000179247, -9.09716e-05, 0.0623562)
body_offset = Transform3D(1, -3.90799e-11, 1.06065e-08, 1.05289e-08, -1.19209e-07, -1, -3.12639e-13, 1, -1.19209e-07, 0.000179246, 0.0623562, 9.0979e-05)

[node name="Physical Bone thighR" parent="Human_Template_Male/metarig/Skeleton3D" index="15"]
transform = Transform3D(0.99505, -0.000741575, 0.0993007, -0.0992963, 0.0039583, 0.99505, -0.00113012, -0.998476, 0.00387152, -0.12241, 0.829008, 0.0158245)
joint_offset = Transform3D(1, 0, 0, 0, 1, 0, 0, 0, 1, -5.32332e-06, 3.47387e-06, 0.245876)
body_offset = Transform3D(0.999993, -1.69664e-06, 7.51425e-08, 2.61857e-08, -5.69341e-06, -1, -8.57632e-07, 0.998484, -6.23614e-06, 5.30481e-06, 0.245876, -1.93529e-06)

[node name="Physical Bone shinR" parent="Human_Template_Male/metarig/Skeleton3D" index="16"]
transform = Transform3D(0.997613, -0.000157295, 0.0692015, -0.0691444, 0.0390607, 0.996947, -0.00285327, -1.00283, 0.0388278, -0.164101, 0.335539, 0.0051795)
joint_offset = Transform3D(1, 0, 0, 0, 1, 0, 0, 0, 1, 1.59717e-06, 1.21791e-06, 0.249674)
body_offset = Transform3D(1.00001, 3.56068e-06, -6.99392e-06, 8.40839e-07, -3.27826e-07, -1.0001, 3.67872e-08, 1.00359, -7.38353e-06, 1.49012e-07, 0.249699, 6.21192e-07)

[node name="Physical Bone footR" parent="Human_Template_Male/metarig/Skeleton3D" index="17"]
transform = Transform3D(1, -1.2293e-07, 2.63348e-07, -2.36411e-07, -0.889708, 0.45653, 1.82047e-07, -0.456531, -0.889708, -0.181759, 0.0581518, 0.0510091)
joint_offset = Transform3D(1, 0, 0, 0, 1, 0, 0, 0, 1, 0.000379489, 3.20363e-07, 0.0624033)
joint_rotation = Vector3(0, 0, 0)
body_offset = Transform3D(1, 1.42748e-10, -1.02569e-08, -1.05293e-08, -1.19209e-07, -1, 9.87654e-13, 1, -1.19209e-07, -0.000379488, 0.0624033, -3.12924e-07)

[node name="ProjectilePlacement" parent="Human_Template_Male" index="2"]
transform = Transform3D(1, 0, 0, 0, 0.97381, 0.227366, 0, -0.227366, 0.97381, -0.26745, 1.25401, 0.260283)

[node name="MeshInstance3D" parent="Human_Template_Male" index="3"]
transform = Transform3D(1, 0, 0, 0, 1, 0, 0, 0, 1, 0, 1.37083, 0.0191188)
mesh = SubResource("CapsuleMesh_ar1ci")

[node name="AnimationTree" parent="." index="2"]
parameters/Movement/playback = SubResource("AnimationNodeStateMachinePlayback_add65")

[editable path="Human_Template_Male"]
